{"producer":{"name":"3dsmax","version":"2","exporter_version":"0.4.5","file":"anim.babylon"},"autoClear":true,"clearColor":[0.0,0.0,0.0],"ambientColor":[0.0,0.0,0.0],"fogMode":0,"fogColor":null,"fogStart":0.0,"fogEnd":0.0,"fogDensity":0.0,"gravity":[0.0,0.0,0.0],"physicsEnabled":false,"physicsGravity":null,"cameras":[{"name":"Default camera","id":"03eaae7d-b313-447b-8127-a6bf80bc2113","parentId":null,"lockedTargetId":null,"type":null,"position":["-Infinity","-Infinity","-Infinity"],"rotation":[0.0,0.0,0.0],"target":["-Infinity","-Infinity","-Infinity"],"fov":0.8,"minZ":1.0,"maxZ":"Infinity","speed":"Infinity","inertia":0.9,"checkCollisions":false,"applyGravity":false,"ellipsoid":null,"autoAnimate":false,"autoAnimateFrom":0,"autoAnimateTo":0,"autoAnimateLoop":false,"animations":null}],"activeCameraID":"03eaae7d-b313-447b-8127-a6bf80bc2113","lights":[{"name":"Default light","id":"97b7c9d0-d54a-43d1-8118-a857c2c9c038","parentId":null,"position":null,"direction":[0.0,1.0,0.0],"type":3,"diffuse":[1.0,1.0,1.0],"specular":[1.0,1.0,1.0],"intensity":1.0,"range":3.40282347E+38,"exponent":0.0,"angle":0.0,"groundColor":[0.0,0.0,0.0],"excludedMeshesIds":null,"includedOnlyMeshesIds":null,"autoAnimate":false,"autoAnimateFrom":0,"autoAnimateTo":0,"autoAnimateLoop":false,"animations":null}],"meshes":[{"id":"114937c3-15fc-4c56-964b-b3197d1f8890","parentId":null,"materialId":null,"isEnabled":true,"isVisible":true,"pickable":false,"pivotMatrix":null,"positions":[-18.0045,0.0,-19.4946,-18.0045,0.0,19.4946,9.4323,0.0,19.4946,9.4323,0.0,19.4946,9.4323,0.0,-19.4946,-18.0045,0.0,-19.4946,-18.0045,22.3827,-19.4946,9.4323,22.3827,-19.4946,9.4323,22.3827,19.4946,9.4323,22.3827,19.4946,-18.0045,22.3827,19.4946,-18.0045,22.3827,-19.4946,-18.0045,0.0,-19.4946,9.4323,0.0,-19.4946,9.4323,22.3827,-19.4946,9.4323,22.3827,-19.4946,-18.0045,22.3827,-19.4946,-18.0045,0.0,-19.4946,9.4323,0.0,-19.4946,9.4323,0.0,19.4946,9.4323,22.3827,19.4946,9.4323,22.3827,19.4946,9.4323,22.3827,-19.4946,9.4323,0.0,-19.4946,9.4323,0.0,19.4946,-18.0045,0.0,19.4946,-18.0045,22.3827,19.4946,-18.0045,22.3827,19.4946,9.4323,22.3827,19.4946,9.4323,0.0,19.4946,-18.0045,0.0,19.4946,-18.0045,0.0,-19.4946,-18.0045,22.3827,-19.4946,-18.0045,22.3827,-19.4946,-18.0045,22.3827,19.4946,-18.0045,0.0,19.4946,-72.2119,0.0,10.1913,-72.9471,0.0,-4.2778,-99.5244,0.0,13.0428,-99.5244,0.0,13.0428,-83.7439,0.0,22.393,-72.2119,0.0,10.1913,-72.2119,9.7183,10.1913,-83.7439,9.7183,22.393,-99.5244,9.7183,13.0428,-99.5244,9.7183,13.0428,-72.9471,9.7183,-4.2778,-72.2119,9.7183,10.1913,-72.2119,0.0,10.1913,-72.2119,9.7183,10.1913,-72.9471,9.7183,-4.2778,-72.9471,9.7183,-4.2778,-72.9471,0.0,-4.2778,-72.2119,0.0,10.1913,-72.9471,0.0,-4.2778,-72.9471,9.7183,-4.2778,-99.5244,9.7183,13.0428,-99.5244,9.7183,13.0428,-99.5244,0.0,13.0428,-72.9471,0.0,-4.2778,-99.5244,0.0,13.0428,-99.5244,9.7183,13.0428,-83.7439,9.7183,22.393,-83.7439,9.7183,22.393,-83.7439,0.0,22.393,-99.5244,0.0,13.0428,-83.7439,0.0,22.393,-83.7439,9.7183,22.393,-72.2119,9.7183,10.1913,-72.2119,9.7183,10.1913,-72.2119,0.0,10.1913,-83.7439,0.0,22.393,73.1438,0.0,10.0485,84.6758,0.0,22.2502,100.4563,0.0,12.9001,100.4563,0.0,12.9001,73.879,0.0,-4.4206,73.1438,0.0,10.0485,73.1438,9.7183,10.0485,73.879,9.7183,-4.4206,100.4563,9.7183,12.9001,100.4563,9.7183,12.9001,84.6758,9.7183,22.2502,73.1438,9.7183,10.0485,73.1438,0.0,10.0485,73.879,0.0,-4.4206,73.879,9.7183,-4.4206,73.879,9.7183,-4.4206,73.1438,9.7183,10.0485,73.1438,0.0,10.0485,73.879,0.0,-4.4206,100.4563,0.0,12.9001,100.4563,9.7183,12.9001,100.4563,9.7183,12.9001,73.879,9.7183,-4.4206,73.879,0.0,-4.4206,100.4563,0.0,12.9001,84.6758,0.0,22.2502,84.6758,9.7183,22.2502,84.6758,9.7183,22.2502,100.4563,9.7183,12.9001,100.4563,0.0,12.9001,84.6758,0.0,22.2502,73.1438,0.0,10.0485,73.1438,9.7183,10.0485,73.1438,9.7183,10.0485,84.6758,9.7183,22.2502,84.6758,0.0,22.2502,-19.6047,0.0,38.7289,-67.2524,0.0,10.5701,-79.4112,0.0,26.4876,-79.4112,0.0,26.4876,-20.202,0.0,59.7229,-19.6047,0.0,38.7289,-19.6047,9.7183,38.7289,-20.202,9.7183,59.7229,-79.4112,9.7183,26.4876,-79.4112,9.7183,26.4876,-67.2524,9.7183,10.5701,-19.6047,9.7183,38.7289,-19.6047,0.0,38.7289,-19.6047,9.7183,38.7289,-67.2524,9.7183,10.5701,-67.2524,9.7183,10.5701,-67.2524,0.0,10.5701,-19.6047,0.0,38.7289,-67.2524,0.0,10.5701,-67.2524,9.7183,10.5701,-79.4112,9.7183,26.4876,-79.4112,9.7183,26.4876,-79.4112,0.0,26.4876,-67.2524,0.0,10.5701,-79.4112,0.0,26.4876,-79.4112,9.7183,26.4876,-20.202,9.7183,59.7229,-20.202,9.7183,59.7229,-20.202,0.0,59.7229,-79.4112,0.0,26.4876,-20.202,0.0,59.7229,-20.202,9.7183,59.7229,-19.6047,9.7183,38.7289,-19.6047,9.7183,38.7289,-19.6047,0.0,38.7289,-20.202,0.0,59.7229,20.5931,0.0,38.7289,21.1904,0.0,59.7229,80.3996,0.0,26.4876,80.3996,0.0,26.4876,68.2408,0.0,10.5701,20.5931,0.0,38.7289,20.5931,9.7183,38.7289,68.2408,9.7183,10.5701,80.3996,9.7183,26.4876,80.3996,9.7183,26.4876,21.1904,9.7183,59.7229,20.5931,9.7183,38.7289,20.5931,0.0,38.7289,68.2408,0.0,10.5701,68.2408,9.7183,10.5701,68.2408,9.7183,10.5701,20.5931,9.7183,38.7289,20.5931,0.0,38.7289,68.2408,0.0,10.5701,80.3996,0.0,26.4876,80.3996,9.7183,26.4876,80.3996,9.7183,26.4876,68.2408,9.7183,10.5701,68.2408,0.0,10.5701,80.3996,0.0,26.4876,21.1904,0.0,59.7229,21.1904,9.7183,59.7229,21.1904,9.7183,59.7229,80.3996,9.7183,26.4876,80.3996,0.0,26.4876,21.1904,0.0,59.7229,20.5931,0.0,38.7289,20.5931,9.7183,38.7289,20.5931,9.7183,38.7289,21.1904,9.7183,59.7229,21.1904,0.0,59.7229,-13.7184,0.0,21.637,-13.7184,0.0,60.6262,13.7184,0.0,60.6262,13.7184,0.0,60.6262,13.7184,0.0,21.637,-13.7184,0.0,21.637,-13.7184,22.3827,21.637,13.7184,22.3827,21.637,13.7184,22.3827,60.6262,13.7184,22.3827,60.6262,-13.7184,22.3827,60.6262,-13.7184,22.3827,21.637,-13.7184,0.0,21.637,13.7184,0.0,21.637,13.7184,22.3827,21.637,13.7184,22.3827,21.637,-13.7184,22.3827,21.637,-13.7184,0.0,21.637,13.7184,0.0,21.637,13.7184,0.0,60.6262,13.7184,22.3827,60.6262,13.7184,22.3827,60.6262,13.7184,22.3827,21.637,13.7184,0.0,21.637,13.7184,0.0,60.6262,-13.7184,0.0,60.6262,-13.7184,22.3827,60.6262,-13.7184,22.3827,60.6262,13.7184,22.3827,60.6262,13.7184,0.0,60.6262,-13.7184,0.0,60.6262,-13.7184,0.0,21.637,-13.7184,22.3827,21.637,-13.7184,22.3827,21.637,-13.7184,22.3827,60.6262,-13.7184,0.0,60.6262],"normals":[0.0,-1.0,0.0,0.0,-1.0,0.0,0.0,-1.0,0.0,0.0,-1.0,0.0,0.0,-1.0,0.0,0.0,-1.0,0.0,0.0,1.0,0.0,0.0,1.0,0.0,0.0,1.0,0.0,0.0,1.0,0.0,0.0,1.0,0.0,0.0,1.0,0.0,0.0,0.0,-1.0,0.0,0.0,-1.0,0.0,0.0,-1.0,0.0,0.0,-1.0,0.0,0.0,-1.0,0.0,0.0,-1.0,1.0,0.0,0.0,1.0,0.0,0.0,1.0,0.0,0.0,1.0,0.0,0.0,1.0,0.0,0.0,1.0,0.0,0.0,0.0,0.0,1.0,0.0,0.0,1.0,0.0,0.0,1.0,0.0,0.0,1.0,0.0,0.0,1.0,0.0,0.0,1.0,-1.0,0.0,0.0,-1.0,0.0,0.0,-1.0,0.0,0.0,-1.0,0.0,0.0,-1.0,0.0,0.0,-1.0,0.0,0.0,0.0,-1.0,0.0,0.0,-1.0,0.0,0.0,-1.0,0.0,0.0,-1.0,0.0,0.0,-1.0,0.0,0.0,-1.0,0.0,0.0,1.0,0.0,0.0,1.0,0.0,0.0,1.0,0.0,0.0,1.0,0.0,0.0,1.0,0.0,0.0,1.0,0.0,0.9987,0.0,-0.0507,0.9987,0.0,-0.0507,0.9987,0.0,-0.0507,0.9987,0.0,-0.0507,0.9987,0.0,-0.0507,0.9987,0.0,-0.0507,-0.546,0.0,-0.8378,-0.546,0.0,-0.8378,-0.546,0.0,-0.8378,-0.546,0.0,-0.8378,-0.546,0.0,-0.8378,-0.546,0.0,-0.8378,-0.5098,0.0,0.8603,-0.5098,0.0,0.8603,-0.5098,0.0,0.8603,-0.5098,0.0,0.8603,-0.5098,0.0,0.8603,-0.5098,0.0,0.8603,0.7268,0.0,0.6869,0.7268,0.0,0.6869,0.7268,0.0,0.6869,0.7268,0.0,0.6869,0.7268,0.0,0.6869,0.7268,0.0,0.6869,0.0,-1.0,0.0,0.0,-1.0,0.0,0.0,-1.0,0.0,0.0,-1.0,0.0,0.0,-1.0,0.0,0.0,-1.0,0.0,0.0,1.0,0.0,0.0,1.0,0.0,0.0,1.0,0.0,0.0,1.0,0.0,0.0,1.0,0.0,0.0,1.0,0.0,-0.9987,0.0,-0.0507,-0.9987,0.0,-0.0508,-0.9987,0.0,-0.0507,-0.9987,0.0,-0.0507,-0.9987,0.0,-0.0507,-0.9987,0.0,-0.0507,0.546,0.0,-0.8378,0.546,0.0,-0.8378,0.546,0.0,-0.8378,0.546,0.0,-0.8378,0.546,0.0,-0.8378,0.546,0.0,-0.8378,0.5098,0.0,0.8603,0.5098,0.0,0.8603,0.5098,0.0,0.8603,0.5098,0.0,0.8603,0.5098,0.0,0.8603,0.5098,0.0,0.8603,-0.7268,0.0,0.6869,-0.7268,0.0,0.6869,-0.7268,0.0,0.6869,-0.7268,0.0,0.6869,-0.7268,0.0,0.6869,-0.7268,0.0,0.6869,0.0,-1.0,0.0,0.0,-1.0,0.0,0.0,-1.0,0.0,0.0,-1.0,0.0,0.0,-1.0,0.0,0.0,-1.0,0.0,0.0,1.0,0.0,0.0,1.0,0.0,0.0,1.0,0.0,0.0,1.0,0.0,0.0,1.0,0.0,0.0,1.0,0.0,0.5088,0.0,-0.8609,0.5088,0.0,-0.8609,0.5088,0.0,-0.8609,0.5088,0.0,-0.8609,0.5088,0.0,-0.8609,0.5088,0.0,-0.8609,-0.7947,0.0,-0.607,-0.7947,0.0,-0.607,-0.7947,0.0,-0.607,-0.7947,0.0,-0.607,-0.7947,0.0,-0.607,-0.7947,0.0,-0.607,-0.4895,0.0,0.872,-0.4895,0.0,0.872,-0.4895,0.0,0.872,-0.4895,0.0,0.872,-0.4895,0.0,0.872,-0.4895,0.0,0.872,0.9996,0.0,0.0284,0.9996,0.0,0.0284,0.9996,0.0,0.0284,0.9996,0.0,0.0284,0.9996,0.0,0.0284,0.9996,0.0,0.0284,0.0,-1.0,0.0,0.0,-1.0,0.0,0.0,-1.0,0.0,0.0,-1.0,0.0,0.0,-1.0,0.0,0.0,-1.0,0.0,0.0,1.0,0.0,0.0,1.0,0.0,0.0,1.0,0.0,0.0,1.0,0.0,0.0,1.0,0.0,0.0,1.0,0.0,-0.5088,0.0,-0.8609,-0.5088,0.0,-0.8609,-0.5088,0.0,-0.8609,-0.5088,0.0,-0.8609,-0.5088,0.0,-0.8609,-0.5088,0.0,-0.8609,0.7947,0.0,-0.607,0.7947,0.0,-0.607,0.7947,0.0,-0.607,0.7947,0.0,-0.607,0.7947,0.0,-0.607,0.7947,0.0,-0.607,0.4895,0.0,0.872,0.4895,0.0,0.872,0.4895,0.0,0.872,0.4895,0.0,0.872,0.4895,0.0,0.872,0.4895,0.0,0.872,-0.9996,0.0,0.0284,-0.9996,0.0,0.0284,-0.9996,0.0,0.0284,-0.9996,0.0,0.0284,-0.9996,0.0,0.0284,-0.9996,0.0,0.0284,0.0,-1.0,0.0,0.0,-1.0,0.0,0.0,-1.0,0.0,0.0,-1.0,0.0,0.0,-1.0,0.0,0.0,-1.0,0.0,0.0,1.0,0.0,0.0,1.0,0.0,0.0,1.0,0.0,0.0,1.0,0.0,0.0,1.0,0.0,0.0,1.0,0.0,0.0,0.0,-1.0,0.0,0.0,-1.0,0.0,0.0,-1.0,0.0,0.0,-1.0,0.0,0.0,-1.0,0.0,0.0,-1.0,1.0,0.0,0.0,1.0,0.0,0.0,1.0,0.0,0.0,1.0,0.0,0.0,1.0,0.0,0.0,1.0,0.0,0.0,0.0,0.0,1.0,0.0,0.0,1.0,0.0,0.0,1.0,0.0,0.0,1.0,0.0,0.0,1.0,0.0,0.0,1.0,-1.0,0.0,0.0,-1.0,0.0,0.0,-1.0,0.0,0.0,-1.0,0.0,0.0,-1.0,0.0,0.0,-1.0,0.0,0.0],"uvs":[1.0,1.0,1.0,2.0,0.0,2.0,0.0,2.0,0.0,1.0,1.0,1.0,0.0,1.0,1.0,1.0,1.0,2.0,1.0,2.0,0.0,2.0,0.0,1.0,0.0,1.0,1.0,1.0,1.0,2.0,1.0,2.0,0.0,2.0,0.0,1.0,0.0,1.0,1.0,1.0,1.0,2.0,1.0,2.0,0.0,2.0,0.0,1.0,0.0,1.0,1.0,1.0,1.0,2.0,1.0,2.0,0.0,2.0,0.0,1.0,0.0,1.0,1.0,1.0,1.0,2.0,1.0,2.0,0.0,2.0,0.0,1.0,1.0,1.0,0.0,1.0,0.0,2.0,0.0,2.0,1.0,2.0,1.0,1.0,0.0,1.0,0.0,2.0,1.0,2.0,1.0,2.0,1.0,1.0,0.0,1.0,0.0,1.0,0.0,2.0,1.0,2.0,1.0,2.0,1.0,1.0,0.0,1.0,0.0,1.0,0.0,2.0,1.0,2.0,1.0,2.0,1.0,1.0,0.0,1.0,0.0,1.0,0.0,2.0,1.0,2.0,1.0,2.0,1.0,1.0,0.0,1.0,0.0,1.0,0.0,2.0,1.0,2.0,1.0,2.0,1.0,1.0,0.0,1.0,1.0,1.0,1.0,2.0,0.0,2.0,0.0,2.0,0.0,1.0,1.0,1.0,0.0,1.0,1.0,1.0,1.0,2.0,1.0,2.0,0.0,2.0,0.0,1.0,0.0,1.0,1.0,1.0,1.0,2.0,1.0,2.0,0.0,2.0,0.0,1.0,0.0,1.0,1.0,1.0,1.0,2.0,1.0,2.0,0.0,2.0,0.0,1.0,0.0,1.0,1.0,1.0,1.0,2.0,1.0,2.0,0.0,2.0,0.0,1.0,0.0,1.0,1.0,1.0,1.0,2.0,1.0,2.0,0.0,2.0,0.0,1.0,1.0,1.0,0.0,1.0,0.0,2.0,0.0,2.0,1.0,2.0,1.0,1.0,0.0,1.0,0.0,2.0,1.0,2.0,1.0,2.0,1.0,1.0,0.0,1.0,0.0,1.0,0.0,2.0,1.0,2.0,1.0,2.0,1.0,1.0,0.0,1.0,0.0,1.0,0.0,2.0,1.0,2.0,1.0,2.0,1.0,1.0,0.0,1.0,0.0,1.0,0.0,2.0,1.0,2.0,1.0,2.0,1.0,1.0,0.0,1.0,0.0,1.0,0.0,2.0,1.0,2.0,1.0,2.0,1.0,1.0,0.0,1.0,1.0,1.0,1.0,2.0,0.0,2.0,0.0,2.0,0.0,1.0,1.0,1.0,0.0,1.0,1.0,1.0,1.0,2.0,1.0,2.0,0.0,2.0,0.0,1.0,0.0,1.0,1.0,1.0,1.0,2.0,1.0,2.0,0.0,2.0,0.0,1.0,0.0,1.0,1.0,1.0,1.0,2.0,1.0,2.0,0.0,2.0,0.0,1.0,0.0,1.0,1.0,1.0,1.0,2.0,1.0,2.0,0.0,2.0,0.0,1.0,0.0,1.0,1.0,1.0,1.0,2.0,1.0,2.0,0.0,2.0,0.0,1.0,1.0,1.0,1.0,2.0,0.0,2.0,0.0,2.0,0.0,1.0,1.0,1.0,0.0,1.0,1.0,1.0,1.0,2.0,1.0,2.0,0.0,2.0,0.0,1.0,0.0,1.0,1.0,1.0,1.0,2.0,1.0,2.0,0.0,2.0,0.0,1.0,0.0,1.0,1.0,1.0,1.0,2.0,1.0,2.0,0.0,2.0,0.0,1.0,0.0,1.0,1.0,1.0,1.0,2.0,1.0,2.0,0.0,2.0,0.0,1.0,0.0,1.0,1.0,1.0,1.0,2.0,1.0,2.0,0.0,2.0,0.0,1.0],"uvs2":null,"colors":null,"hasVertexAlpha":false,"matricesIndices":[151587072,151585024,151585024,151585024,151587072,151587072,151587072,151587072,151587072,151587072,151587072,151587072,151587072,151587072,151587072,151587072,151587072,151587072,151587072,151585024,151587072,151587072,151587072,151587072,151585024,151585024,151587072,151587072,151587072,151585024,151585024,151587072,151587072,151587072,151587072,151585024,151586816,151586816,151586816,151586816,151586816,151586816,151586816,151586816,151586816,151586816,151586816,151586816,151586816,151586816,151586816,151586816,151586816,151586816,151586816,151586816,151586816,151586816,151586816,151586816,151586816,151586816,151586816,151586816,151586816,151586816,151586816,151586816,151586816,151586816,151586816,151586816,151586052,151587077,151587077,151587077,151587077,151586052,151586052,151587077,151587077,151587077,151587077,151586052,151586052,151587077,151587077,151587077,151586052,151586052,151587077,151587077,151587077,151587077,151587077,151587077,151587077,151587077,151587077,151587077,151587077,151587077,151587077,151586052,151586052,151586052,151587077,151587077,151586561,151586560,151586560,151586560,151586561,151586561,151586561,151586561,151586560,151586560,151586560,151586561,151586561,151586561,151586560,151586560,151586560,151586561,151586560,151586560,151586560,151586560,151586560,151586560,151586560,151586560,151586561,151586561,151586561,151586560,151586561,151586561,151586561,151586561,151586561,151586561,151587076,151587076,151587076,151587076,151587076,151587076,151587076,151587076,151587076,151587076,151587076,151587076,151587076,151587076,151587076,151587076,151587076,151587076,151587076,151587076,151587076,151587076,151587076,151587076,151587076,151587076,151587076,151587076,151587076,151587076,151587076,151587076,151587076,151587076,151587076,151587076,151584769,151587073,151585028,151585028,151585024,151584769,151585024,151585024,151585024,151585024,151585024,151585024,151584769,151585024,151585024,151585024,151585024,151584769,151585024,151585028,151585024,151585024,151585024,151585024,151585028,151587073,151585024,151585024,151585024,151585028,151587073,151584769,151585024,151585024,151585024,151587073],"matricesWeights":[1.0,0.0,0.0,0.0,1.0,0.0,0.0,0.0,1.0,0.0,0.0,0.0,1.0,0.0,0.0,0.0,1.0,0.0,0.0,0.0,1.0,0.0,0.0,0.0,1.0,0.0,0.0,0.0,1.0,0.0,0.0,0.0,1.0,0.0,0.0,0.0,1.0,0.0,0.0,0.0,1.0,0.0,0.0,0.0,1.0,0.0,0.0,0.0,1.0,0.0,0.0,0.0,1.0,0.0,0.0,0.0,1.0,0.0,0.0,0.0,1.0,0.0,0.0,0.0,1.0,0.0,0.0,0.0,1.0,0.0,0.0,0.0,1.0,0.0,0.0,0.0,1.0,0.0,0.0,0.0,1.0,0.0,0.0,0.0,1.0,0.0,0.0,0.0,1.0,0.0,0.0,0.0,1.0,0.0,0.0,0.0,1.0,0.0,0.0,0.0,1.0,0.0,0.0,0.0,1.0,0.0,0.0,0.0,1.0,0.0,0.0,0.0,1.0,0.0,0.0,0.0,1.0,0.0,0.0,0.0,1.0,0.0,0.0,0.0,1.0,0.0,0.0,0.0,1.0,0.0,0.0,0.0,1.0,0.0,0.0,0.0,1.0,0.0,0.0,0.0,1.0,0.0,0.0,0.0,0.0,1.0,0.0,0.0,0.0,1.0,0.0,0.0,0.0,1.0,0.0,0.0,0.0,1.0,0.0,0.0,0.0,1.0,0.0,0.0,0.0,1.0,0.0,0.0,0.0,1.0,0.0,0.0,0.0,1.0,0.0,0.0,0.0,1.0,0.0,0.0,0.0,1.0,0.0,0.0,0.0,1.0,0.0,0.0,0.0,1.0,0.0,0.0,0.0,1.0,0.0,0.0,0.0,1.0,0.0,0.0,0.0,1.0,0.0,0.0,0.0,1.0,0.0,0.0,0.0,1.0,0.0,0.0,0.0,1.0,0.0,0.0,0.0,1.0,0.0,0.0,0.0,1.0,0.0,0.0,0.0,1.0,0.0,0.0,0.0,1.0,0.0,0.0,0.0,1.0,0.0,0.0,0.0,1.0,0.0,0.0,0.0,1.0,0.0,0.0,0.0,1.0,0.0,0.0,0.0,1.0,0.0,0.0,0.0,1.0,0.0,0.0,0.0,1.0,0.0,0.0,0.0,1.0,0.0,0.0,0.0,1.0,0.0,0.0,0.0,1.0,0.0,0.0,0.0,1.0,0.0,0.0,0.0,1.0,0.0,0.0,0.0,1.0,0.0,0.0,0.0,1.0,0.0,0.0,0.2813,0.7187,0.0,0.0,1.0,0.0,0.0,0.0,1.0,0.0,0.0,0.0,1.0,0.0,0.0,0.0,1.0,0.0,0.0,0.0,0.2813,0.7187,0.0,0.0,0.2716,0.7284,0.0,0.0,1.0,0.0,0.0,0.0,1.0,0.0,0.0,0.0,1.0,0.0,0.0,0.0,1.0,0.0,0.0,0.0,0.2716,0.7284,0.0,0.0,0.2813,0.7187,0.0,0.0,1.0,0.0,0.0,0.0,1.0,0.0,0.0,0.0,1.0,0.0,0.0,0.0,0.2716,0.7284,0.0,0.0,0.2813,0.7187,0.0,0.0,1.0,0.0,0.0,0.0,1.0,0.0,0.0,0.0,1.0,0.0,0.0,0.0,1.0,0.0,0.0,0.0,1.0,0.0,0.0,0.0,1.0,0.0,0.0,0.0,1.0,0.0,0.0,0.0,1.0,0.0,0.0,0.0,1.0,0.0,0.0,0.0,1.0,0.0,0.0,0.0,1.0,0.0,0.0,0.0,1.0,0.0,0.0,0.0,1.0,0.0,0.0,0.0,0.2813,0.7187,0.0,0.0,0.2716,0.7284,0.0,0.0,0.2716,0.7284,0.0,0.0,1.0,0.0,0.0,0.0,1.0,0.0,0.0,0.0,0.0,1.0,0.0,0.0,0.0,1.0,0.0,0.0,0.0,1.0,0.0,0.0,0.0,1.0,0.0,0.0,0.0,1.0,0.0,0.0,0.0,1.0,0.0,0.0,0.0,1.0,0.0,0.0,0.0,1.0,0.0,0.0,0.0,1.0,0.0,0.0,0.0,1.0,0.0,0.0,0.0,1.0,0.0,0.0,0.0,1.0,0.0,0.0,0.0,1.0,0.0,0.0,0.0,1.0,0.0,0.0,0.0,1.0,0.0,0.0,0.0,1.0,0.0,0.0,0.0,1.0,0.0,0.0,0.0,1.0,0.0,0.0,0.0,1.0,0.0,0.0,0.0,1.0,0.0,0.0,0.0,1.0,0.0,0.0,0.0,1.0,0.0,0.0,0.0,1.0,0.0,0.0,0.0,1.0,0.0,0.0,0.0,1.0,0.0,0.0,0.0,1.0,0.0,0.0,0.0,1.0,0.0,0.0,0.0,1.0,0.0,0.0,0.0,1.0,0.0,0.0,0.0,1.0,0.0,0.0,0.0,1.0,0.0,0.0,0.0,1.0,0.0,0.0,0.0,1.0,0.0,0.0,0.0,1.0,0.0,0.0,0.0,1.0,0.0,0.0,0.0,1.0,0.0,0.0,1.0,0.0,0.0,0.0,1.0,0.0,0.0,0.0,1.0,0.0,0.0,0.0,1.0,0.0,0.0,0.0,1.0,0.0,0.0,0.0,1.0,0.0,0.0,0.0,1.0,0.0,0.0,0.0,1.0,0.0,0.0,0.0,1.0,0.0,0.0,0.0,1.0,0.0,0.0,0.0,1.0,0.0,0.0,0.0,1.0,0.0,0.0,0.0,1.0,0.0,0.0,0.0,1.0,0.0,0.0,0.0,1.0,0.0,0.0,0.0,1.0,0.0,0.0,0.0,1.0,0.0,0.0,0.0,1.0,0.0,0.0,0.0,1.0,0.0,0.0,0.0,1.0,0.0,0.0,0.0,1.0,0.0,0.0,0.0,1.0,0.0,0.0,0.0,1.0,0.0,0.0,0.0,1.0,0.0,0.0,0.0,1.0,0.0,0.0,0.0,1.0,0.0,0.0,0.0,1.0,0.0,0.0,0.0,1.0,0.0,0.0,0.0,1.0,0.0,0.0,0.0,1.0,0.0,0.0,0.0,1.0,0.0,0.0,0.0,1.0,0.0,0.0,0.0,1.0,0.0,0.0,0.0,1.0,0.0,0.0,0.0,1.0,0.0,0.0,0.0,1.0,0.0,0.0,0.0,1.0,0.0,0.0,0.0,1.0,0.0,0.0,0.0,0.0,1.0,0.0,0.0,0.0,1.0,0.0,0.0,0.0,1.0,0.0,0.0,1.0,0.0,0.0,0.0,0.0,1.0,0.0,0.0,0.0,1.0,0.0,0.0,0.0,1.0,0.0,0.0,0.0,1.0,0.0,0.0,0.0,1.0,0.0,0.0,0.0,1.0,0.0,0.0,1.0,0.0,0.0,0.0,0.0,1.0,0.0,0.0,0.0,1.0,0.0,0.0,0.0,1.0,0.0,0.0,0.0,1.0,0.0,0.0,1.0,0.0,0.0,0.0,0.0,1.0,0.0,0.0,0.0,1.0,0.0,0.0,0.0,1.0,0.0,0.0,0.0,1.0,0.0,0.0,0.0,1.0,0.0,0.0,0.0,1.0,0.0,0.0,0.0,1.0,0.0,0.0,1.0,0.0,0.0,0.0,0.0,1.0,0.0,0.0,0.0,1.0,0.0,0.0,0.0,1.0,0.0,0.0,0.0,1.0,0.0,0.0,1.0,0.0,0.0,0.0,1.0,0.0,0.0,0.0,0.0,1.0,0.0,0.0,0.0,1.0,0.0,0.0,0.0,1.0,0.0,0.0,1.0,0.0,0.0,0.0],"matricesIndicesExtra":null,"matricesWeightsExtra":null,"indices":[0,1,2,3,4,5,6,7,8,9,10,11,12,13,14,15,16,17,18,19,20,21,22,23,24,25,26,27,28,29,30,31,32,33,34,35,36,37,38,39,40,41,42,43,44,45,46,47,48,49,50,51,52,53,54,55,56,57,58,59,60,61,62,63,64,65,66,67,68,69,70,71,72,73,74,75,76,77,78,79,80,81,82,83,84,85,86,87,88,89,90,91,92,93,94,95,96,97,98,99,100,101,102,103,104,105,106,107,108,109,110,111,112,113,114,115,116,117,118,119,120,121,122,123,124,125,126,127,128,129,130,131,132,133,134,135,136,137,138,139,140,141,142,143,144,145,146,147,148,149,150,151,152,153,154,155,156,157,158,159,160,161,162,163,164,165,166,167,168,169,170,171,172,173,174,175,176,177,178,179,180,181,182,183,184,185,186,187,188,189,190,191,192,193,194,195,196,197,198,199,200,201,202,203,204,205,206,207,208,209,210,211,212,213,214,215],"checkCollisions":false,"receiveShadows":true,"infiniteDistance":false,"billboardMode":0,"visibility":1.0,"subMeshes":[{"materialIndex":0,"verticesStart":0,"verticesCount":216,"indexStart":0,"indexCount":216}],"instances":[],"skeletonId":0,"numBoneInfluencers":2,"showBoundingBox":false,"showSubMeshesBoundingBox":false,"applyFog":true,"alphaIndex":1000,"physicsImpostor":0,"physicsMass":0.0,"physicsFriction":0.0,"physicsRestitution":0.0,"name":"Box002","position":[-1.8051,-43.2977,0.0],"rotation":[-1.5708,0.0,0.0],"scaling":[1.0,1.0,1.0],"rotationQuaternion":null,"actions":null,"animations":[],"autoAnimate":true,"autoAnimateFrom":0,"autoAnimateTo":100,"autoAnimateLoop":true},{"id":"6d4be4ab-1772-437c-8dbb-80f626683de8","parentId":null,"materialId":null,"isEnabled":true,"isVisible":false,"pickable":false,"pivotMatrix":null,"positions":null,"normals":null,"uvs":null,"uvs2":null,"colors":null,"hasVertexAlpha":false,"matricesIndices":null,"matricesWeights":null,"matricesIndicesExtra":null,"matricesWeightsExtra":null,"indices":null,"checkCollisions":false,"receiveShadows":true,"infiniteDistance":false,"billboardMode":0,"visibility":1.0,"subMeshes":null,"instances":[],"skeletonId":-1,"numBoneInfluencers":0,"showBoundingBox":false,"showSubMeshesBoundingBox":false,"applyFog":true,"alphaIndex":1000,"physicsImpostor":0,"physicsMass":0.0,"physicsFriction":0.0,"physicsRestitution":0.0,"name":"Bone001","position":[-5.3692,-62.8159,-5.0974],"rotation":[-1.5708,0.0,1.6065],"scaling":[1.0,1.0,1.0],"rotationQuaternion":null,"actions":null,"animations":[],"autoAnimate":true,"autoAnimateFrom":0,"autoAnimateTo":100,"autoAnimateLoop":true},{"id":"bbed870c-c241-474a-8159-39ec9396dbdf","parentId":"6d4be4ab-1772-437c-8dbb-80f626683de8","materialId":null,"isEnabled":true,"isVisible":false,"pickable":false,"pivotMatrix":null,"positions":null,"normals":null,"uvs":null,"uvs2":null,"colors":null,"hasVertexAlpha":false,"matricesIndices":null,"matricesWeights":null,"matricesIndicesExtra":null,"matricesWeightsExtra":null,"indices":null,"checkCollisions":false,"receiveShadows":true,"infiniteDistance":false,"billboardMode":0,"visibility":1.0,"subMeshes":null,"instances":[],"skeletonId":-1,"numBoneInfluencers":0,"showBoundingBox":false,"showSubMeshesBoundingBox":false,"applyFog":true,"alphaIndex":1000,"physicsImpostor":0,"physicsMass":0.0,"physicsFriction":0.0,"physicsRestitution":0.0,"name":"Bone002","position":[40.459,0.0,0.0],"rotation":[0.0,0.013,0.0],"scaling":[1.0,1.0,1.0],"rotationQuaternion":null,"actions":null,"animations":[{"name":"rotationQuaternion animation","property":"rotationQuaternion","dataType":2,"loopBehavior":1,"framePerSecond":30,"keys":[{"frame":0,"values":[0.0,-0.0065,0.0,-1.0]},{"frame":1,"values":[0.0,-0.0088,0.0,-1.0]},{"frame":2,"values":[0.0,-0.0154,0.0,-0.9999]},{"frame":3,"values":[0.0,-0.0256,0.0,-0.9997]},{"frame":4,"values":[0.0,-0.0387,0.0,-0.9992]},{"frame":5,"values":[0.0,-0.0542,0.0,-0.9985]},{"frame":9,"values":[0.0,-0.1254,0.0,-0.9921]},{"frame":11,"values":[0.0,-0.1575,0.0,-0.9875]},{"frame":12,"values":[0.0,-0.1705,0.0,-0.9854]},{"frame":13,"values":[0.0,-0.1805,0.0,-0.9836]},{"frame":14,"values":[0.0,-0.187,0.0,-0.9824]},{"frame":15,"values":[0.0,-0.1893,0.0,-0.9819]},{"frame":16,"values":[0.0,-0.187,0.0,-0.9824]},{"frame":17,"values":[0.0,-0.1804,0.0,-0.9836]},{"frame":18,"values":[0.0,-0.1701,0.0,-0.9854]},{"frame":19,"values":[0.0,-0.157,0.0,-0.9876]},{"frame":20,"values":[0.0,-0.1414,0.0,-0.9899]},{"frame":24,"values":[0.0,-0.0691,0.0,-0.9976]},{"frame":26,"values":[0.0,-0.0361,0.0,-0.9994]},{"frame":27,"values":[0.0,-0.0227,0.0,-0.9997]},{"frame":28,"values":[0.0,-0.0123,0.0,-0.9999]},{"frame":29,"values":[0.0,-0.0056,0.0,-1.0]},{"frame":30,"values":[0.0,-0.0032,0.0,-1.0]},{"frame":100,"values":[0.0,-0.0065,0.0,-1.0]}]}],"autoAnimate":true,"autoAnimateFrom":0,"autoAnimateTo":100,"autoAnimateLoop":true},{"id":"43c588ca-2f11-4e61-9e91-b6448efb3b03","parentId":"bbed870c-c241-474a-8159-39ec9396dbdf","materialId":null,"isEnabled":true,"isVisible":false,"pickable":false,"pivotMatrix":null,"positions":null,"normals":null,"uvs":null,"uvs2":null,"colors":null,"hasVertexAlpha":false,"matricesIndices":null,"matricesWeights":null,"matricesIndicesExtra":null,"matricesWeightsExtra":null,"indices":null,"checkCollisions":false,"receiveShadows":true,"infiniteDistance":false,"billboardMode":0,"visibility":1.0,"subMeshes":null,"instances":[],"skeletonId":-1,"numBoneInfluencers":0,"showBoundingBox":false,"showSubMeshesBoundingBox":false,"applyFog":true,"alphaIndex":1000,"physicsImpostor":0,"physicsMass":0.0,"physicsFriction":0.0,"physicsRestitution":0.0,"name":"Bone003","position":[31.7772,0.0,0.0],"rotation":[0.0,0.0,0.0],"scaling":[1.0,1.0,1.0],"rotationQuaternion":null,"actions":null,"animations":[],"autoAnimate":true,"autoAnimateFrom":0,"autoAnimateTo":100,"autoAnimateLoop":true},{"id":"c3aee1d7-7f4c-4c53-babb-4fd47f4e1ecf","parentId":"bbed870c-c241-474a-8159-39ec9396dbdf","materialId":null,"isEnabled":true,"isVisible":false,"pickable":false,"pivotMatrix":null,"positions":null,"normals":null,"uvs":null,"uvs2":null,"colors":null,"hasVertexAlpha":false,"matricesIndices":null,"matricesWeights":null,"matricesIndicesExtra":null,"matricesWeightsExtra":null,"indices":null,"checkCollisions":false,"receiveShadows":true,"infiniteDistance":false,"billboardMode":0,"visibility":1.0,"subMeshes":null,"instances":[],"skeletonId":-1,"numBoneInfluencers":0,"showBoundingBox":false,"showSubMeshesBoundingBox":false,"applyFog":true,"alphaIndex":1000,"physicsImpostor":0,"physicsMass":0.0,"physicsFriction":0.0,"physicsRestitution":0.0,"name":"Bone004","position":[31.7772,0.0,0.0],"rotation":[0.0,1.7522,0.0],"scaling":[1.0,1.0,1.0],"rotationQuaternion":null,"actions":null,"animations":[],"autoAnimate":true,"autoAnimateFrom":0,"autoAnimateTo":100,"autoAnimateLoop":true},{"id":"274c8265-6890-4cf7-945b-882f11e7500d","parentId":"c3aee1d7-7f4c-4c53-babb-4fd47f4e1ecf","materialId":null,"isEnabled":true,"isVisible":false,"pickable":false,"pivotMatrix":null,"positions":null,"normals":null,"uvs":null,"uvs2":null,"colors":null,"hasVertexAlpha":false,"matricesIndices":null,"matricesWeights":null,"matricesIndicesExtra":null,"matricesWeightsExtra":null,"indices":null,"checkCollisions":false,"receiveShadows":true,"infiniteDistance":false,"billboardMode":0,"visibility":1.0,"subMeshes":null,"instances":[],"skeletonId":-1,"numBoneInfluencers":0,"showBoundingBox":false,"showSubMeshesBoundingBox":false,"applyFog":true,"alphaIndex":1000,"physicsImpostor":0,"physicsMass":0.0,"physicsFriction":0.0,"physicsRestitution":0.0,"name":"Bone005","position":[18.2801,0.0,0.0],"rotation":[0.0,0.3442,0.0],"scaling":[1.0,1.0,1.0],"rotationQuaternion":null,"actions":null,"animations":[{"name":"rotationQuaternion animation","property":"rotationQuaternion","dataType":2,"loopBehavior":1,"framePerSecond":30,"keys":[{"frame":0,"values":[0.0,-0.1712,0.0,-0.9852]},{"frame":30,"values":[0.0,-0.1712,0.0,-0.9852]},{"frame":31,"values":[0.0,-0.1658,0.0,-0.9862]},{"frame":32,"values":[0.0,-0.1504,0.0,-0.9886]},{"frame":33,"values":[0.0,-0.1265,0.0,-0.992]},{"frame":34,"values":[0.0,-0.0957,0.0,-0.9954]},{"frame":35,"values":[0.0,-0.0593,0.0,-0.9982]},{"frame":36,"values":[0.0,-0.019,0.0,-0.9998]},{"frame":37,"values":[0.0,0.0236,0.0,-0.9997]},{"frame":39,"values":[0.0,0.1095,0.0,-0.994]},{"frame":40,"values":[0.0,0.1495,0.0,-0.9888]},{"frame":41,"values":[0.0,0.1854,0.0,-0.9827]},{"frame":42,"values":[0.0,0.2158,0.0,-0.9764]},{"frame":43,"values":[0.0,0.2393,0.0,-0.9709]},{"frame":44,"values":[0.0,0.2544,0.0,-0.9671]},{"frame":45,"values":[0.0,0.2597,0.0,-0.9657]},{"frame":46,"values":[0.0,0.2511,0.0,-0.968]},{"frame":47,"values":[0.0,0.2267,0.0,-0.974]},{"frame":48,"values":[0.0,0.1886,0.0,-0.9821]},{"frame":49,"values":[0.0,0.1392,0.0,-0.9903]},{"frame":50,"values":[0.0,0.0806,0.0,-0.9967]},{"frame":51,"values":[0.0,0.0156,0.0,-0.9999]},{"frame":52,"values":[0.0,-0.0532,0.0,-0.9986]},{"frame":53,"values":[0.0,-0.123,0.0,-0.9924]},{"frame":54,"values":[0.0,-0.191,0.0,-0.9816]},{"frame":55,"values":[0.0,-0.2545,0.0,-0.9671]},{"frame":56,"values":[0.0,-0.3109,0.0,-0.9504]},{"frame":57,"values":[0.0,-0.3582,0.0,-0.9337]},{"frame":58,"values":[0.0,-0.3942,0.0,-0.919]},{"frame":59,"values":[0.0,-0.4172,0.0,-0.9088]},{"frame":60,"values":[0.0,-0.4253,0.0,-0.905]},{"frame":61,"values":[0.0,-0.4186,0.0,-0.9082]},{"frame":62,"values":[0.0,-0.4,0.0,-0.9165]},{"frame":63,"values":[0.0,-0.3724,0.0,-0.9281]},{"frame":64,"values":[0.0,-0.3385,0.0,-0.941]},{"frame":66,"values":[0.0,-0.263,0.0,-0.9648]},{"frame":67,"values":[0.0,-0.2278,0.0,-0.9737]},{"frame":68,"values":[0.0,-0.1986,0.0,-0.9801]},{"frame":69,"values":[0.0,-0.1786,0.0,-0.9839]},{"frame":70,"values":[0.0,-0.1712,0.0,-0.9852]},{"frame":100,"values":[0.0,-0.1712,0.0,-0.9852]}]}],"autoAnimate":true,"autoAnimateFrom":0,"autoAnimateTo":100,"autoAnimateLoop":true},{"id":"e6ca4d2c-46fe-4bb7-8376-2077288888ad","parentId":"274c8265-6890-4cf7-945b-882f11e7500d","materialId":null,"isEnabled":true,"isVisible":false,"pickable":false,"pivotMatrix":null,"positions":null,"normals":null,"uvs":null,"uvs2":null,"colors":null,"hasVertexAlpha":false,"matricesIndices":null,"matricesWeights":null,"matricesIndicesExtra":null,"matricesWeightsExtra":null,"indices":null,"checkCollisions":false,"receiveShadows":true,"infiniteDistance":false,"billboardMode":0,"visibility":1.0,"subMeshes":null,"instances":[],"skeletonId":-1,"numBoneInfluencers":0,"showBoundingBox":false,"showSubMeshesBoundingBox":false,"applyFog":true,"alphaIndex":1000,"physicsImpostor":0,"physicsMass":0.0,"physicsFriction":0.0,"physicsRestitution":0.0,"name":"Bone006","position":[65.9217,0.0,0.0],"rotation":[0.0,0.2016,0.0],"scaling":[1.0,1.0,1.0],"rotationQuaternion":null,"actions":null,"animations":[],"autoAnimate":true,"autoAnimateFrom":0,"autoAnimateTo":100,"autoAnimateLoop":true},{"id":"81238d29-50c0-450c-946f-237ebe811aa8","parentId":"bbed870c-c241-474a-8159-39ec9396dbdf","materialId":null,"isEnabled":true,"isVisible":false,"pickable":false,"pivotMatrix":null,"positions":null,"normals":null,"uvs":null,"uvs2":null,"colors":null,"hasVertexAlpha":false,"matricesIndices":null,"matricesWeights":null,"matricesIndicesExtra":null,"matricesWeightsExtra":null,"indices":null,"checkCollisions":false,"receiveShadows":true,"infiniteDistance":false,"billboardMode":0,"visibility":1.0,"subMeshes":null,"instances":[],"skeletonId":-1,"numBoneInfluencers":0,"showBoundingBox":false,"showSubMeshesBoundingBox":false,"applyFog":true,"alphaIndex":1000,"physicsImpostor":0,"physicsMass":0.0,"physicsFriction":0.0,"physicsRestitution":0.0,"name":"Bone007","position":[31.7772,0.0,0.0],"rotation":[0.0,-1.7047,0.0],"scaling":[1.0,1.0,1.0],"rotationQuaternion":null,"actions":null,"animations":[],"autoAnimate":true,"autoAnimateFrom":0,"autoAnimateTo":100,"autoAnimateLoop":true},{"id":"9966ba17-9021-46ae-b73e-fcae67abb5dd","parentId":"81238d29-50c0-450c-946f-237ebe811aa8","materialId":null,"isEnabled":true,"isVisible":false,"pickable":false,"pivotMatrix":null,"positions":null,"normals":null,"uvs":null,"uvs2":null,"colors":null,"hasVertexAlpha":false,"matricesIndices":null,"matricesWeights":null,"matricesIndicesExtra":null,"matricesWeightsExtra":null,"indices":null,"checkCollisions":false,"receiveShadows":true,"infiniteDistance":false,"billboardMode":0,"visibility":1.0,"subMeshes":null,"instances":[],"skeletonId":-1,"numBoneInfluencers":0,"showBoundingBox":false,"showSubMeshesBoundingBox":false,"applyFog":true,"alphaIndex":1000,"physicsImpostor":0,"physicsMass":0.0,"physicsFriction":0.0,"physicsRestitution":0.0,"name":"Bone008","position":[13.8884,0.0,0.0],"rotation":[0.0,-0.3303,0.0],"scaling":[1.0,1.0,1.0],"rotationQuaternion":null,"actions":null,"animations":[{"name":"rotationQuaternion animation","property":"rotationQuaternion","dataType":2,"loopBehavior":1,"framePerSecond":30,"keys":[{"frame":0,"values":[0.0,0.1644,0.0,-0.9864]},{"frame":30,"values":[0.0,0.1644,0.0,-0.9864]},{"frame":31,"values":[0.0,0.168,0.0,-0.9858]},{"frame":32,"values":[0.0,0.178,0.0,-0.984]},{"frame":33,"values":[0.0,0.1935,0.0,-0.9811]},{"frame":34,"values":[0.0,0.2134,0.0,-0.977]},{"frame":35,"values":[0.0,0.2366,0.0,-0.9716]},{"frame":36,"values":[0.0,0.2622,0.0,-0.965]},{"frame":38,"values":[0.0,0.3161,0.0,-0.9487]},{"frame":40,"values":[0.0,0.3671,0.0,-0.9302]},{"frame":41,"values":[0.0,0.3891,0.0,-0.9212]},{"frame":42,"values":[0.0,0.4078,0.0,-0.9131]},{"frame":43,"values":[0.0,0.4221,0.0,-0.9066]},{"frame":44,"values":[0.0,0.4313,0.0,-0.9022]},{"frame":45,"values":[0.0,0.4346,0.0,-0.9006]},{"frame":46,"values":[0.0,0.4254,0.0,-0.905]},{"frame":47,"values":[0.0,0.3992,0.0,-0.9169]},{"frame":48,"values":[0.0,0.3581,0.0,-0.9337]},{"frame":49,"values":[0.0,0.3042,0.0,-0.9526]},{"frame":50,"values":[0.0,0.2396,0.0,-0.9709]},{"frame":51,"values":[0.0,0.1669,0.0,-0.986]},{"frame":52,"values":[0.0,0.089,0.0,-0.996]},{"frame":53,"values":[0.0,0.0091,0.0,-1.0]},{"frame":54,"values":[0.0,-0.0694,0.0,-0.9976]},{"frame":55,"values":[0.0,-0.1432,0.0,-0.9897]},{"frame":56,"values":[0.0,-0.2093,0.0,-0.9779]},{"frame":57,"values":[0.0,-0.2648,0.0,-0.9643]},{"frame":58,"values":[0.0,-0.3074,0.0,-0.9516]},{"frame":59,"values":[0.0,-0.3345,0.0,-0.9424]},{"frame":60,"values":[0.0,-0.3441,0.0,-0.9389]},{"frame":61,"values":[0.0,-0.3305,0.0,-0.9438]},{"frame":62,"values":[0.0,-0.2932,0.0,-0.956]},{"frame":63,"values":[0.0,-0.2375,0.0,-0.9714]},{"frame":64,"values":[0.0,-0.1687,0.0,-0.9857]},{"frame":65,"values":[0.0,-0.093,0.0,-0.9957]},{"frame":66,"values":[0.0,-0.0167,0.0,-0.9999]},{"frame":67,"values":[0.0,0.0536,0.0,-0.9986]},{"frame":68,"values":[0.0,0.1112,0.0,-0.9938]},{"frame":69,"values":[0.0,0.1501,0.0,-0.9887]},{"frame":70,"values":[0.0,0.1644,0.0,-0.9864]},{"frame":100,"values":[0.0,0.1644,0.0,-0.9864]}]}],"autoAnimate":true,"autoAnimateFrom":0,"autoAnimateTo":100,"autoAnimateLoop":true},{"id":"891c250f-3743-41d2-a574-13f4b7d257ae","parentId":"9966ba17-9021-46ae-b73e-fcae67abb5dd","materialId":null,"isEnabled":true,"isVisible":false,"pickable":false,"pivotMatrix":null,"positions":null,"normals":null,"uvs":null,"uvs2":null,"colors":null,"hasVertexAlpha":false,"matricesIndices":null,"matricesWeights":null,"matricesIndicesExtra":null,"matricesWeightsExtra":null,"indices":null,"checkCollisions":false,"receiveShadows":true,"infiniteDistance":false,"billboardMode":0,"visibility":1.0,"subMeshes":null,"instances":[],"skeletonId":-1,"numBoneInfluencers":0,"showBoundingBox":false,"showSubMeshesBoundingBox":false,"applyFog":true,"alphaIndex":1000,"physicsImpostor":0,"physicsMass":0.0,"physicsFriction":0.0,"physicsRestitution":0.0,"name":"Bone009","position":[69.4418,0.0,0.0],"rotation":[0.0,-0.354,0.0],"scaling":[1.0,1.0,1.0],"rotationQuaternion":null,"actions":null,"animations":[],"autoAnimate":true,"autoAnimateFrom":0,"autoAnimateTo":100,"autoAnimateLoop":true}],"sounds":[],"materials":[],"multiMaterials":[],"particleSystems":null,"lensFlareSystems":null,"shadowGenerators":[],"skeletons":[{"id":0,"name":"skeleton #0","bones":[{"name":"Bone001","index":0,"parentBoneIndex":-1,"matrix":[-0.0357,0.9994,0.0,0.0,0.0,0.0,-1.0,0.0,-0.9994,-0.0357,0.0,0.0,-5.3692,-62.8159,-5.0974,1.0],"animation":{"name":"Bone001Animation","property":"_matrix","dataType":3,"loopBehavior":1,"framePerSecond":30,"keys":[{"frame":0,"values":[-0.0357,0.9994,0.0,0.0,0.0,0.0,-1.0,0.0,-0.9994,-0.0357,0.0,0.0,-5.3692,-62.8159,-5.0974,1.0]},{"frame":100,"values":[-0.0357,0.9994,0.0,0.0,0.0,0.0,-1.0,0.0,-0.9994,-0.0357,0.0,0.0,-5.3692,-62.8159,-5.0974,1.0]}]}},{"name":"Bone002","index":1,"parentBoneIndex":0,"matrix":[0.9999,0.0,-0.013,0.0,0.0,1.0,0.0,0.0,0.013,0.0,0.9999,0.0,40.459,0.0,0.0,1.0],"animation":{"name":"Bone002Animation","property":"_matrix","dataType":3,"loopBehavior":1,"framePerSecond":30,"keys":[{"frame":0,"values":[0.9999,0.0,-0.013,0.0,0.0,1.0,0.0,0.0,0.013,0.0,0.9999,0.0,40.459,0.0,0.0,1.0]},{"frame":1,"values":[0.9998,0.0,-0.0177,0.0,0.0,1.0,0.0,0.0,0.0177,0.0,0.9998,0.0,40.459,0.0,0.0,1.0]},{"frame":2,"values":[0.9995,0.0,-0.0308,0.0,0.0,1.0,0.0,0.0,0.0308,0.0,0.9995,0.0,40.459,0.0,0.0,1.0]},{"frame":3,"values":[0.9987,0.0,-0.0512,0.0,0.0,1.0,0.0,0.0,0.0512,0.0,0.9987,0.0,40.459,0.0,0.0,1.0]},{"frame":4,"values":[0.997,0.0,-0.0774,0.0,0.0,1.0,0.0,0.0,0.0774,0.0,0.997,0.0,40.459,0.0,0.0,1.0]},{"frame":5,"values":[0.9941,0.0,-0.1081,0.0,0.0,1.0,0.0,0.0,0.1081,0.0,0.9941,0.0,40.459,0.0,0.0,1.0]},{"frame":6,"values":[0.9899,0.0,-0.142,0.0,0.0,1.0,0.0,0.0,0.142,0.0,0.9899,0.0,40.459,0.0,0.0,1.0]},{"frame":7,"values":[0.9841,0.0,-0.1776,0.0,0.0,1.0,0.0,0.0,0.1776,0.0,0.9841,0.0,40.459,0.0,0.0,1.0]},{"frame":8,"values":[0.9769,0.0,-0.2136,0.0,0.0,1.0,0.0,0.0,0.2136,0.0,0.9769,0.0,40.459,0.0,0.0,1.0]},{"frame":9,"values":[0.9686,0.0,-0.2487,0.0,0.0,1.0,0.0,0.0,0.2487,0.0,0.9686,0.0,40.459,0.0,0.0,1.0]},{"frame":10,"values":[0.9595,0.0,-0.2816,0.0,0.0,1.0,0.0,0.0,0.2816,0.0,0.9595,0.0,40.459,0.0,0.0,1.0]},{"frame":11,"values":[0.9504,0.0,-0.3111,0.0,0.0,1.0,0.0,0.0,0.3111,0.0,0.9504,0.0,40.459,0.0,0.0,1.0]},{"frame":12,"values":[0.9419,0.0,-0.336,0.0,0.0,1.0,0.0,0.0,0.336,0.0,0.9419,0.0,40.459,0.0,0.0,1.0]},{"frame":13,"values":[0.9348,0.0,-0.3551,0.0,0.0,1.0,0.0,0.0,0.3551,0.0,0.9348,0.0,40.459,0.0,0.0,1.0]},{"frame":14,"values":[0.9301,0.0,-0.3674,0.0,0.0,1.0,0.0,0.0,0.3674,0.0,0.9301,0.0,40.459,0.0,0.0,1.0]},{"frame":15,"values":[0.9283,0.0,-0.3717,0.0,0.0,1.0,0.0,0.0,0.3717,0.0,0.9283,0.0,40.459,0.0,0.0,1.0]},{"frame":16,"values":[0.9301,0.0,-0.3673,0.0,0.0,1.0,0.0,0.0,0.3673,0.0,0.9301,0.0,40.459,0.0,0.0,1.0]},{"frame":17,"values":[0.9349,0.0,-0.3548,0.0,0.0,1.0,0.0,0.0,0.3548,0.0,0.9349,0.0,40.459,0.0,0.0,1.0]},{"frame":18,"values":[0.9421,0.0,-0.3353,0.0,0.0,1.0,0.0,0.0,0.3353,0.0,0.9421,0.0,40.459,0.0,0.0,1.0]},{"frame":19,"values":[0.9507,0.0,-0.31,0.0,0.0,1.0,0.0,0.0,0.31,0.0,0.9507,0.0,40.459,0.0,0.0,1.0]},{"frame":20,"values":[0.96,0.0,-0.28,0.0,0.0,1.0,0.0,0.0,0.28,0.0,0.96,0.0,40.459,0.0,0.0,1.0]},{"frame":21,"values":[0.9691,0.0,-0.2465,0.0,0.0,1.0,0.0,0.0,0.2465,0.0,0.9691,0.0,40.459,0.0,0.0,1.0]},{"frame":22,"values":[0.9775,0.0,-0.2108,0.0,0.0,1.0,0.0,0.0,0.2108,0.0,0.9775,0.0,40.459,0.0,0.0,1.0]},{"frame":23,"values":[0.9847,0.0,-0.1741,0.0,0.0,1.0,0.0,0.0,0.1741,0.0,0.9847,0.0,40.459,0.0,0.0,1.0]},{"frame":24,"values":[0.9905,0.0,-0.1378,0.0,0.0,1.0,0.0,0.0,0.1378,0.0,0.9905,0.0,40.459,0.0,0.0,1.0]},{"frame":25,"values":[0.9946,0.0,-0.1033,0.0,0.0,1.0,0.0,0.0,0.1033,0.0,0.9946,0.0,40.459,0.0,0.0,1.0]},{"frame":26,"values":[0.9974,0.0,-0.0721,0.0,0.0,1.0,0.0,0.0,0.0721,0.0,0.9974,0.0,40.459,0.0,0.0,1.0]},{"frame":27,"values":[0.999,0.0,-0.0454,0.0,0.0,1.0,0.0,0.0,0.0454,0.0,0.999,0.0,40.459,0.0,0.0,1.0]},{"frame":28,"values":[0.9997,0.0,-0.0246,0.0,0.0,1.0,0.0,0.0,0.0246,0.0,0.9997,0.0,40.459,0.0,0.0,1.0]},{"frame":29,"values":[0.9999,0.0,-0.0112,0.0,0.0,1.0,0.0,0.0,0.0112,0.0,0.9999,0.0,40.459,0.0,0.0,1.0]},{"frame":30,"values":[1.0,0.0,-0.0064,0.0,0.0,1.0,0.0,0.0,0.0064,0.0,1.0,0.0,40.459,0.0,0.0,1.0]},{"frame":100,"values":[0.9999,0.0,-0.013,0.0,0.0,1.0,0.0,0.0,0.013,0.0,0.9999,0.0,40.459,0.0,0.0,1.0]}]}},{"name":"Bone003","index":2,"parentBoneIndex":1,"matrix":[1.0,0.0,0.0,0.0,0.0,1.0,0.0,0.0,0.0,0.0,1.0,0.0,31.7772,0.0,0.0,1.0],"animation":{"name":"Bone003Animation","property":"_matrix","dataType":3,"loopBehavior":1,"framePerSecond":30,"keys":[{"frame":0,"values":[1.0,0.0,0.0,0.0,0.0,1.0,0.0,0.0,0.0,0.0,1.0,0.0,31.7772,0.0,0.0,1.0]},{"frame":100,"values":[1.0,0.0,0.0,0.0,0.0,1.0,0.0,0.0,0.0,0.0,1.0,0.0,31.7772,0.0,0.0,1.0]}]}},{"name":"Bone004","index":3,"parentBoneIndex":1,"matrix":[-0.1804,0.0,-0.9836,0.0,0.0,1.0,0.0,0.0,0.9836,0.0,-0.1804,0.0,31.7772,0.0,0.0,1.0],"animation":{"name":"Bone004Animation","property":"_matrix","dataType":3,"loopBehavior":1,"framePerSecond":30,"keys":[{"frame":0,"values":[-0.1804,0.0,-0.9836,0.0,0.0,1.0,0.0,0.0,0.9836,0.0,-0.1804,0.0,31.7772,0.0,0.0,1.0]},{"frame":100,"values":[-0.1804,0.0,-0.9836,0.0,0.0,1.0,0.0,0.0,0.9836,0.0,-0.1804,0.0,31.7772,0.0,0.0,1.0]}]}},{"name":"Bone005","index":4,"parentBoneIndex":3,"matrix":[0.9413,0.0,-0.3374,0.0,0.0,1.0,0.0,0.0,0.3374,0.0,0.9414,0.0,18.2801,0.0,0.0,1.0],"animation":{"name":"Bone005Animation","property":"_matrix","dataType":3,"loopBehavior":1,"framePerSecond":30,"keys":[{"frame":0,"values":[0.9413,0.0,-0.3374,0.0,0.0,1.0,0.0,0.0,0.3374,0.0,0.9414,0.0,18.2801,0.0,0.0,1.0]},{"frame":31,"values":[0.945,0.0,-0.327,0.0,0.0,1.0,0.0,0.0,0.327,0.0,0.945,0.0,18.2801,0.0,0.0,1.0]},{"frame":32,"values":[0.9548,0.0,-0.2974,0.0,0.0,1.0,0.0,0.0,0.2974,0.0,0.9548,0.0,18.2801,0.0,0.0,1.0]},{"frame":33,"values":[0.968,0.0,-0.251,0.0,0.0,1.0,0.0,0.0,0.251,0.0,0.968,0.0,18.2801,0.0,0.0,1.0]},{"frame":34,"values":[0.9817,0.0,-0.1905,0.0,0.0,1.0,0.0,0.0,0.1905,0.0,0.9817,0.0,18.2801,0.0,0.0,1.0]},{"frame":35,"values":[0.993,0.0,-0.1184,0.0,0.0,1.0,0.0,0.0,0.1184,0.0,0.993,0.0,18.2801,0.0,0.0,1.0]},{"frame":36,"values":[0.9993,0.0,-0.038,0.0,0.0,1.0,0.0,0.0,0.038,0.0,0.9993,0.0,18.2801,0.0,0.0,1.0]},{"frame":37,"values":[0.9989,0.0,0.0472,0.0,0.0,1.0,0.0,0.0,-0.0472,0.0,0.9989,0.0,18.2801,0.0,0.0,1.0]},{"frame":38,"values":[0.991,0.0,0.1337,0.0,0.0,1.0,0.0,0.0,-0.1337,0.0,0.991,0.0,18.2801,0.0,0.0,1.0]},{"frame":39,"values":[0.976,0.0,0.2176,0.0,0.0,1.0,0.0,0.0,-0.2176,0.0,0.976,0.0,18.2801,0.0,0.0,1.0]},{"frame":40,"values":[0.9553,0.0,0.2956,0.0,0.0,1.0,0.0,0.0,-0.2956,0.0,0.9553,0.0,18.2801,0.0,0.0,1.0]},{"frame":41,"values":[0.9312,0.0,0.3644,0.0,0.0,1.0,0.0,0.0,-0.3644,0.0,0.9313,0.0,18.2801,0.0,0.0,1.0]},{"frame":42,"values":[0.9068,0.0,0.4215,0.0,0.0,1.0,0.0,0.0,-0.4215,0.0,0.9068,0.0,18.2801,0.0,0.0,1.0]},{"frame":43,"values":[0.8855,0.0,0.4647,0.0,0.0,1.0,0.0,0.0,-0.4647,0.0,0.8855,0.0,18.2801,0.0,0.0,1.0]},{"frame":44,"values":[0.8706,0.0,0.492,0.0,0.0,1.0,0.0,0.0,-0.492,0.0,0.8706,0.0,18.2801,0.0,0.0,1.0]},{"frame":45,"values":[0.8651,0.0,0.5017,0.0,0.0,1.0,0.0,0.0,-0.5017,0.0,0.8651,0.0,18.2801,0.0,0.0,1.0]},{"frame":46,"values":[0.8739,0.0,0.4861,0.0,0.0,1.0,0.0,0.0,-0.4861,0.0,0.8739,0.0,18.2801,0.0,0.0,1.0]},{"frame":47,"values":[0.8973,0.0,0.4415,0.0,0.0,1.0,0.0,0.0,-0.4415,0.0,0.8973,0.0,18.2801,0.0,0.0,