{"producer":{"name":"3dsmax","version":"2018","exporter_version":"20200513.2","file":"simpleskeleton.babylon"},"autoClear":true,"clearColor":[0.0,0.0,0.0],"ambientColor":[0.0,0.0,0.0],"fogMode":0,"fogColor":null,"fogStart":0.0,"fogEnd":0.0,"fogDensity":0.0,"gravity":[0.0,0.0,0.0],"physicsEngine":null,"physicsEnabled":false,"physicsGravity":null,"lights":[{"direction":[0.0,1.0,0.0],"type":3,"diffuse":[1.0,1.0,1.0],"specular":[1.0,1.0,1.0],"intensity":1.0,"range":3.40282347E+38,"exponent":0.0,"angle":0.0,"groundColor":[0.0,0.0,0.0],"excludedMeshesIds":null,"includedOnlyMeshesIds":null,"lightmapMode":null,"falloffType":null,"name":"Default light","id":"4a1e9cc5-c63a-49bf-9f11-923ebb834198","parentId":null,"position":[0.0,0.0,0.0],"animations":null,"autoAnimate":false,"autoAnimateFrom":0,"autoAnimateTo":0,"autoAnimateLoop":false,"metadata":null}],"meshes":[{"materialId":null,"isEnabled":true,"isVisible":true,"positions":[-0.4624,-1.0682,0.2821,-0.4624,1.0682,0.2821,0.4624,1.0682,0.2821,0.4624,1.0682,0.2821,0.4624,-1.0682,0.2821,-0.4624,-1.0682,0.2821,-0.4624,-1.0682,-0.2821,0.4624,-1.0682,-0.2821,0.4624,1.0682,-0.2821,0.4624,1.0682,-0.2821,-0.4624,1.0682,-0.2821,-0.4624,-1.0682,-0.2821,-0.4624,-1.0682,0.2821,0.4624,-1.0682,0.2821,0.4624,-1.0682,-0.2821,0.4624,-1.0682,-0.2821,-0.4624,-1.0682,-0.2821,-0.4624,-1.0682,0.2821,0.4624,-1.0682,0.2821,0.4624,1.0682,0.2821,0.4624,1.0682,-0.2821,0.4624,1.0682,-0.2821,0.4624,-1.0682,-0.2821,0.4624,-1.0682,0.2821,0.4624,1.0682,0.2821,-0.4624,1.0682,0.2821,-0.4624,1.0682,-0.2821,-0.4624,1.0682,-0.2821,0.4624,1.0682,-0.2821,0.4624,1.0682,0.2821,-0.4624,1.0682,0.2821,-0.4624,-1.0682,0.2821,-0.4624,-1.0682,-0.2821,-0.4624,-1.0682,-0.2821,-0.4624,1.0682,-0.2821,-0.4624,1.0682,0.2821,-0.3229,1.1572,0.2821,-0.3229,1.7505,0.2821,0.3229,1.7505,0.2821,0.3229,1.7505,0.2821,0.3229,1.1572,0.2821,-0.3229,1.1572,0.2821,-0.3229,1.1572,-0.2821,0.3229,1.1572,-0.2821,0.3229,1.7505,-0.2821,0.3229,1.7505,-0.2821,-0.3229,1.7505,-0.2821,-0.3229,1.1572,-0.2821,-0.3229,1.1572,0.2821,0.3229,1.1572,0.2821,0.3229,1.1572,-0.2821,0.3229,1.1572,-0.2821,-0.3229,1.1572,-0.2821,-0.3229,1.1572,0.2821,0.3229,1.1572,0.2821,0.3229,1.7505,0.2821,0.3229,1.7505,-0.2821,0.3229,1.7505,-0.2821,0.3229,1.1572,-0.2821,0.3229,1.1572,0.2821,0.3229,1.7505,0.2821,-0.3229,1.7505,0.2821,-0.3229,1.7505,-0.2821,-0.3229,1.7505,-0.2821,0.3229,1.7505,-0.2821,0.3229,1.7505,0.2821,-0.3229,1.7505,0.2821,-0.3229,1.1572,0.2821,-0.3229,1.1572,-0.2821,-0.3229,1.1572,-0.2821,-0.3229,1.7505,-0.2821,-0.3229,1.7505,0.2821,0.4976,0.8494,0.1493,0.4976,1.0544,0.1493,1.3891,1.0544,0.1493,1.3891,1.0544,0.1493,1.3891,0.8494,0.1493,0.4976,0.8494,0.1493,0.4976,0.8494,-0.1493,1.3891,0.8494,-0.1493,1.3891,1.0544,-0.1493,1.3891,1.0544,-0.1493,0.4976,1.0544,-0.1493,0.4976,0.8494,-0.1493,0.4976,0.8494,0.1493,1.3891,0.8494,0.1493,1.3891,0.8494,-0.1493,1.3891,0.8494,-0.1493,0.4976,0.8494,-0.1493,0.4976,0.8494,0.1493,1.3891,0.8494,0.1493,1.3891,1.0544,0.1493,1.3891,1.0544,-0.1493,1.3891,1.0544,-0.1493,1.3891,0.8494,-0.1493,1.3891,0.8494,0.1493,1.3891,1.0544,0.1493,0.4976,1.0544,0.1493,0.4976,1.0544,-0.1493,0.4976,1.0544,-0.1493,1.3891,1.0544,-0.1493,1.3891,1.0544,0.1493,0.4976,1.0544,0.1493,0.4976,0.8494,0.1493,0.4976,0.8494,-0.1493,0.4976,0.8494,-0.1493,0.4976,1.0544,-0.1493,0.4976,1.0544,0.1493,1.4382,0.8494,0.1493,1.4382,1.0544,0.1493,2.3297,1.0544,0.1493,2.3297,1.0544,0.1493,2.3297,0.8494,0.1493,1.4382,0.8494,0.1493,1.4382,0.8494,-0.1493,2.3297,0.8494,-0.1493,2.3297,1.0544,-0.1493,2.3297,1.0544,-0.1493,1.4382,1.0544,-0.1493,1.4382,0.8494,-0.1493,1.4382,0.8494,0.1493,2.3297,0.8494,0.1493,2.3297,0.8494,-0.1493,2.3297,0.8494,-0.1493,1.4382,0.8494,-0.1493,1.4382,0.8494,0.1493,2.3297,0.8494,0.1493,2.3297,1.0544,0.1493,2.3297,1.0544,-0.1493,2.3297,1.0544,-0.1493,2.3297,0.8494,-0.1493,2.3297,0.8494,0.1493,2.3297,1.0544,0.1493,1.4382,1.0544,0.1493,1.4382,1.0544,-0.1493,1.4382,1.0544,-0.1493,2.3297,1.0544,-0.1493,2.3297,1.0544,0.1493,1.4382,1.0544,0.1493,1.4382,0.8494,0.1493,1.4382,0.8494,-0.1493,1.4382,0.8494,-0.1493,1.4382,1.0544,-0.1493,1.4382,1.0544,0.1493,-1.4092,0.8494,0.1493,-1.4092,1.0544,0.1493,-0.5177,1.0544,0.1493,-0.5177,1.0544,0.1493,-0.5177,0.8494,0.1493,-1.4092,0.8494,0.1493,-1.4092,0.8494,-0.1493,-0.5177,0.8494,-0.1493,-0.5177,1.0544,-0.1493,-0.5177,1.0544,-0.1493,-1.4092,1.0544,-0.1493,-1.4092,0.8494,-0.1493,-1.4092,0.8494,0.1493,-0.5177,0.8494,0.1493,-0.5177,0.8494,-0.1493,-0.5177,0.8494,-0.1493,-1.4092,0.8494,-0.1493,-1.4092,0.8494,0.1493,-0.5177,0.8494,0.1493,-0.5177,1.0544,0.1493,-0.5177,1.0544,-0.1493,-0.5177,1.0544,-0.1493,-0.5177,0.8494,-0.1493,-0.5177,0.8494,0.1493,-0.5177,1.0544,0.1493,-1.4092,1.0544,0.1493,-1.4092,1.0544,-0.1493,-1.4092,1.0544,-0.1493,-0.5177,1.0544,-0.1493,-0.5177,1.0544,0.1493,-1.4092,1.0544,0.1493,-1.4092,0.8494,0.1493,-1.4092,0.8494,-0.1493,-1.4092,0.8494,-0.1493,-1.4092,1.0544,-0.1493,-1.4092,1.0544,0.1493,-2.3498,0.8494,0.1493,-2.3498,1.0544,0.1493,-1.4583,1.0544,0.1493,-1.4583,1.0544,0.1493,-1.4583,0.8494,0.1493,-2.3498,0.8494,0.1493,-2.3498,0.8494,-0.1493,-1.4583,0.8494,-0.1493,-1.4583,1.0544,-0.1493,-1.4583,1.0544,-0.1493,-2.3498,1.0544,-0.1493,-2.3498,0.8494,-0.1493,-2.3498,0.8494,0.1493,-1.4583,0.8494,0.1493,-1.4583,0.8494,-0.1493,-1.4583,0.8494,-0.1493,-2.3498,0.8494,-0.1493,-2.3498,0.8494,0.1493,-1.4583,0.8494,0.1493,-1.4583,1.0544,0.1493,-1.4583,1.0544,-0.1493,-1.4583,1.0544,-0.1493,-1.4583,0.8494,-0.1493,-1.4583,0.8494,0.1493,-1.4583,1.0544,0.1493,-2.3498,1.0544,0.1493,-2.3498,1.0544,-0.1493,-2.3498,1.0544,-0.1493,-1.4583,1.0544,-0.1493,-1.4583,1.0544,0.1493,-2.3498,1.0544,0.1493,-2.3498,0.8494,0.1493,-2.3498,0.8494,-0.1493,-2.3498,0.8494,-0.1493,-2.3498,1.0544,-0.1493,-2.3498,1.0544,0.1493],"normals":[0.0,0.0,1.0,0.0,0.0,1.0,0.0,0.0,1.0,0.0,0.0,1.0,0.0,0.0,1.0,0.0,0.0,1.0,0.0,0.0,-1.0,0.0,0.0,-1.0,0.0,0.0,-1.0,0.0,0.0,-1.0,0.0,0.0,-1.0,0.0,0.0,-1.0,0.0,-1.0,0.0,0.0,-1.0,0.0,0.0,-1.0,0.0,0.0,-1.0,0.0,0.0,-1.0,0.0,0.0,-1.0,0.0,1.0,0.0,0.0,1.0,0.0,0.0,1.0,0.0,0.0,1.0,0.0,0.0,1.0,0.0,0.0,1.0,0.0,0.0,0.0,1.0,0.0,0.0,1.0,0.0,0.0,1.0,0.0,0.0,1.0,0.0,0.0,1.0,0.0,0.0,1.0,0.0,-1.0,0.0,0.0,-1.0,0.0,0.0,-1.0,0.0,0.0,-1.0,0.0,0.0,-1.0,0.0,0.0,-1.0,0.0,0.0,0.0,0.0,1.0,0.0,0.0,1.0,0.0,0.0,1.0,0.0,0.0,1.0,0.0,0.0,1.0,0.0,0.0,1.0,0.0,0.0,-1.0,0.0,0.0,-1.0,0.0,0.0,-1.0,0.0,0.0,-1.0,0.0,0.0,-1.0,0.0,0.0,-1.0,0.0,-1.0,0.0,0.0,-1.0,0.0,0.0,-1.0,0.0,0.0,-1.0,0.0,0.0,-1.0,0.0,0.0,-1.0,0.0,1.0,0.0,0.0,1.0,0.0,0.0,1.0,0.0,0.0,1.0,0.0,0.0,1.0,0.0,0.0,1.0,0.0,0.0,0.0,1.0,0.0,0.0,1.0,0.0,0.0,1.0,0.0,0.0,1.0,0.0,0.0,1.0,0.0,0.0,1.0,0.0,-1.0,0.0,0.0,-1.0,0.0,0.0,-1.0,0.0,0.0,-1.0,0.0,0.0,-1.0,0.0,0.0,-1.0,0.0,0.0,0.0,0.0,1.0,0.0,0.0,1.0,0.0,0.0,1.0,0.0,0.0,1.0,0.0,0.0,1.0,0.0,0.0,1.0,0.0,0.0,-1.0,0.0,0.0,-1.0,0.0,0.0,-1.0,0.0,0.0,-1.0,0.0,0.0,-1.0,0.0,0.0,-1.0,0.0,-1.0,0.0,0.0,-1.0,0.0,0.0,-1.0,0.0,0.0,-1.0,0.0,0.0,-1.0,0.0,0.0,-1.0,0.0,1.0,0.0,0.0,1.0,0.0,0.0,1.0,0.0,0.0,1.0,0.0,0.0,1.0,0.0,0.0,1.0,0.0,0.0,0.0,1.0,0.0,0.0,1.0,0.0,0.0,1.0,0.0,0.0,1.0,0.0,0.0,1.0,0.0,0.0,1.0,0.0,-1.0,0.0,0.0,-1.0,0.0,0.0,-1.0,0.0,0.0,-1.0,0.0,0.0,-1.0,0.0,0.0,-1.0,0.0,0.0,0.0,0.0,1.0,0.0,0.0,1.0,0.0,0.0,1.0,0.0,0.0,1.0,0.0,0.0,1.0,0.0,0.0,1.0,0.0,0.0,-1.0,0.0,0.0,-1.0,0.0,0.0,-1.0,0.0,0.0,-1.0,0.0,0.0,-1.0,0.0,0.0,-1.0,0.0,-1.0,0.0,0.0,-1.0,0.0,0.0,-1.0,0.0,0.0,-1.0,0.0,0.0,-1.0,0.0,0.0,-1.0,0.0,1.0,0.0,0.0,1.0,0.0,0.0,1.0,0.0,0.0,1.0,0.0,0.0,1.0,0.0,0.0,1.0,0.0,0.0,0.0,1.0,0.0,0.0,1.0,0.0,0.0,1.0,0.0,0.0,1.0,0.0,0.0,1.0,0.0,0.0,1.0,0.0,-1.0,0.0,0.0,-1.0,0.0,0.0,-1.0,0.0,0.0,-1.0,0.0,0.0,-1.0,0.0,0.0,-1.0,0.0,0.0,0.0,0.0,1.0,0.0,0.0,1.0,0.0,0.0,1.0,0.0,0.0,1.0,0.0,0.0,1.0,0.0,0.0,1.0,0.0,0.0,-1.0,0.0,0.0,-1.0,0.0,0.0,-1.0,0.0,0.0,-1.0,0.0,0.0,-1.0,0.0,0.0,-1.0,0.0,-1.0,0.0,0.0,-1.0,0.0,0.0,-1.0,0.0,0.0,-1.0,0.0,0.0,-1.0,0.0,0.0,-1.0,0.0,1.0,0.0,0.0,1.0,0.0,0.0,1.0,0.0,0.0,1.0,0.0,0.0,1.0,0.0,0.0,1.0,0.0,0.0,0.0,1.0,0.0,0.0,1.0,0.0,0.0,1.0,0.0,0.0,1.0,0.0,0.0,1.0,0.0,0.0,1.0,0.0,-1.0,0.0,0.0,-1.0,0.0,0.0,-1.0,0.0,0.0,-1.0,0.0,0.0,-1.0,0.0,0.0,-1.0,0.0,0.0,0.0,0.0,1.0,0.0,0.0,1.0,0.0,0.0,1.0,0.0,0.0,1.0,0.0,0.0,1.0,0.0,0.0,1.0,0.0,0.0,-1.0,0.0,0.0,-1.0,0.0,0.0,-1.0,0.0,0.0,-1.0,0.0,0.0,-1.0,0.0,0.0,-1.0,0.0,-1.0,0.0,0.0,-1.0,0.0,0.0,-1.0,0.0,0.0,-1.0,0.0,0.0,-1.0,0.0,0.0,-1.0,0.0,1.0,0.0,0.0,1.0,0.0,0.0,1.0,0.0,0.0,1.0,0.0,0.0,1.0,0.0,0.0,1.0,0.0,0.0,0.0,1.0,0.0,0.0,1.0,0.0,0.0,1.0,0.0,0.0,1.0,0.0,0.0,1.0,0.0,0.0,1.0,0.0,-1.0,0.0,0.0,-1.0,0.0,0.0,-1.0,0.0,0.0,-1.0,0.0,0.0,-1.0,0.0,0.0,-1.0,0.0,0.0],"tangents":null,"uvs":[1.0,0.0,1.0,1.0,0.0,1.0,0.0,1.0,0.0,0.0,1.0,0.0,0.0,0.0,1.0,0.0,1.0,1.0,1.0,1.0,0.0,1.0,0.0,0.0,0.0,0.0,1.0,0.0,1.0,1.0,1.0,1.0,0.0,1.0,0.0,0.0,0.0,0.0,1.0,0.0,1.0,1.0,1.0,1.0,0.0,1.0,0.0,0.0,0.0,0.0,1.0,0.0,1.0,1.0,1.0,1.0,0.0,1.0,0.0,0.0,0.0,0.0,1.0,0.0,1.0,1.0,1.0,1.0,0.0,1.0,0.0,0.0,1.0,0.0,1.0,1.0,0.0,1.0,0.0,1.0,0.0,0.0,1.0,0.0,0.0,0.0,1.0,0.0,1.0,1.0,1.0,1.0,0.0,1.0,0.0,0.0,0.0,0.0,1.0,0.0,1.0,1.0,1.0,1.0,0.0,1.0,0.0,0.0,0.0,0.0,1.0,0.0,1.0,1.0,1.0,1.0,0.0,1.0,0.0,0.0,0.0,0.0,1.0,0.0,1.0,1.0,1.0,1.0,0.0,1.0,0.0,0.0,0.0,0.0,1.0,0.0,1.0,1.0,1.0,1.0,0.0,1.0,0.0,0.0,1.0,0.0,1.0,1.0,0.0,1.0,0.0,1.0,0.0,0.0,1.0,0.0,0.0,0.0,1.0,0.0,1.0,1.0,1.0,1.0,0.0,1.0,0.0,0.0,0.0,0.0,1.0,0.0,1.0,1.0,1.0,1.0,0.0,1.0,0.0,0.0,0.0,0.0,1.0,0.0,1.0,1.0,1.0,1.0,0.0,1.0,0.0,0.0,0.0,0.0,1.0,0.0,1.0,1.0,1.0,1.0,0.0,1.0,0.0,0.0,0.0,0.0,1.0,0.0,1.0,1.0,1.0,1.0,0.0,1.0,0.0,0.0,1.0,0.0,1.0,1.0,0.0,1.0,0.0,1.0,0.0,0.0,1.0,0.0,0.0,0.0,1.0,0.0,1.0,1.0,1.0,1.0,0.0,1.0,0.0,0.0,0.0,0.0,1.0,0.0,1.0,1.0,1.0,1.0,0.0,1.0,0.0,0.0,0.0,0.0,1.0,0.0,1.0,1.0,1.0,1.0,0.0,1.0,0.0,0.0,0.0,0.0,1.0,0.0,1.0,1.0,1.0,1.0,0.0,1.0,0.0,0.0,0.0,0.0,1.0,0.0,1.0,1.0,1.0,1.0,0.0,1.0,0.0,0.0,1.0,0.0,1.0,1.0,0.0,1.0,0.0,1.0,0.0,0.0,1.0,0.0,0.0,0.0,1.0,0.0,1.0,1.0,1.0,1.0,0.0,1.0,0.0,0.0,0.0,0.0,1.0,0.0,1.0,1.0,1.0,1.0,0.0,1.0,0.0,0.0,0.0,0.0,1.0,0.0,1.0,1.0,1.0,1.0,0.0,1.0,0.0,0.0,0.0,0.0,1.0,0.0,1.0,1.0,1.0,1.0,0.0,1.0,0.0,0.0,0.0,0.0,1.0,0.0,1.0,1.0,1.0,1.0,0.0,1.0,0.0,0.0,1.0,0.0,1.0,1.0,0.0,1.0,0.0,1.0,0.0,0.0,1.0,0.0,0.0,0.0,1.0,0.0,1.0,1.0,1.0,1.0,0.0,1.0,0.0,0.0,0.0,0.0,1.0,0.0,1.0,1.0,1.0,1.0,0.0,1.0,0.0,0.0,0.0,0.0,1.0,0.0,1.0,1.0,1.0,1.0,0.0,1.0,0.0,0.0,0.0,0.0,1.0,0.0,1.0,1.0,1.0,1.0,0.0,1.0,0.0,0.0,0.0,0.0,1.0,0.0,1.0,1.0,1.0,1.0,0.0,1.0,0.0,0.0],"uvs2":null,"colors":[1.0,1.0,1.0,1.0,1.0,1.0,1.0,1.0,1.0,1.0,1.0,1.0,1.0,1.0,1.0,1.0,1.0,1.0,1.0,1.0,1.0,1.0,1.0,1.0,1.0,1.0,1.0,1.0,1.0,1.0,1.0,1.0,1.0,1.0,1.0,1.0,1.0,1.0,1.0,1.0,1.0,1.0,1.0,1.0,1.0,1.0,1.0,1.0,1.0,1.0,1.0,1.0,1.0,1.0,1.0,1.0,1.0,1.0,1.0,1.0,1.0,1.0,1.0,1.0,1.0,1.0,1.0,1.0,1.0,1.0,1.0,1.0,1.0,1.0,1.0,1.0,1.0,1.0,1.0,1.0,1.0,1.0,1.0,1.0,1.0,1.0,1.0,1.0,1.0,1.0,1.0,1.0,1.0,1.0,1.0,1.0,1.0,1.0,1.0,1.0,1.0,1.0,1.0,1.0,1.0,1.0,1.0,1.0,1.0,1.0,1.0,1.0,1.0,1.0,1.0,1.0,1.0,1.0,1.0,1.0,1.0,1.0,1.0,1.0,1.0,1.0,1.0,1.0,1.0,1.0,1.0,1.0,1.0,1.0,1.0,1.0,1.0,1.0,1.0,1.0,1.0,1.0,1.0,1.0,1.0,0.0,0.0,1.0,1.0,0.0,0.0,1.0,1.0,0.0,0.0,1.0,1.0,0.0,0.0,1.0,1.0,0.0,0.0,1.0,1.0,0.0,0.0,1.0,1.0,0.0,0.0,1.0,1.0,0.0,0.0,1.0,1.0,0.0,0.0,1.0,1.0,0.0,0.0,1.0,1.0,0.0,0.0,1.0,1.0,0.0,0.0,1.0,1.0,0.0,0.0,1.0,1.0,0.0,0.0,1.0,1.0,0.0,0.0,1.0,1.0,0.0,0.0,1.0,1.0,0.0,0.0,1.0,1.0,0.0,0.0,1.0,1.0,0.0,0.0,1.0,1.0,0.0,0.0,1.0,1.0,0.0,0.0,1.0,1.0,0.0,0.0,1.0,1.0,0.0,0.0,1.0,1.0,0.0,0.0,1.0,1.0,0.0,0.0,1.0,1.0,0.0,0.0,1.0,1.0,0.0,0.0,1.0,1.0,0.0,0.0,1.0,1.0,0.0,0.0,1.0,1.0,0.0,0.0,1.0,1.0,0.0,0.0,1.0,1.0,0.0,0.0,1.0,1.0,0.0,0.0,1.0,1.0,0.0,0.0,1.0,1.0,0.0,0.0,1.0,1.0,0.0,0.0,1.0,1.0,0.0,0.0,1.0,1.0,0.0,0.0,1.0,1.0,0.0,0.0,1.0,1.0,0.0,0.0,1.0,1.0,0.0,0.0,1.0,1.0,0.0,0.0,1.0,1.0,0.0,0.0,1.0,1.0,0.0,0.0,1.0,1.0,0.0,0.0,1.0,1.0,0.0,0.0,1.0,1.0,0.0,0.0,1.0,1.0,0.0,0.0,1.0,1.0,0.0,0.0,1.0,1.0,0.0,0.0,1.0,1.0,0.0,0.0,1.0,1.0,0.0,0.0,1.0,1.0,0.0,0.0,1.0,1.0,0.0,0.0,1.0,1.0,0.0,0.0,1.0,1.0,0.0,0.0,1.0,1.0,0.0,0.0,1.0,1.0,0.0,0.0,1.0,1.0,0.0,0.0,1.0,1.0,0.0,0.0,1.0,1.0,0.0,0.0,1.0,1.0,0.0,0.0,1.0,1.0,0.0,0.0,1.0,1.0,0.0,0.0,1.0,1.0,0.0,0.0,1.0,1.0,0.0,0.0,1.0,1.0,0.0,0.0,1.0,1.0,0.0,0.0,1.0,1.0,0.0,0.0,1.0,1.0,0.0,0.0,1.0,1.0,0.0,0.0,1.0,1.0,0.0,0.0,1.0,1.0,0.0,0.0,1.0,1.0,0.0,0.0,1.0,1.0,0.0,0.0,1.0,1.0,0.0,0.0,1.0,1.0,0.0,0.0,1.0,1.0,0.0,0.0,1.0,1.0,0.0,0.0,1.0,1.0,0.0,0.0,1.0,1.0,0.0,0.0,1.0,1.0,0.0,0.0,1.0,1.0,0.0,0.0,1.0,1.0,0.0,0.0,1.0,1.0,0.0,0.0,1.0,1.0,0.0,0.0,1.0,1.0,0.0,0.0,1.0,1.0,0.0,0.0,1.0,1.0,0.0,0.0,1.0,1.0,0.0,0.0,1.0,1.0,0.0,0.0,1.0,1.0,0.0,0.0,1.0,1.0,0.0,0.0,1.0,1.0,0.0,0.0,1.0,1.0,0.0,0.0,1.0,1.0,0.0,0.0,1.0,1.0,0.0,0.0,1.0,1.0,0.0,0.0,1.0,1.0,0.0,0.0,1.0,1.0,0.0,0.0,1.0,1.0,0.0,0.0,1.0,1.0,0.0,0.0,1.0,1.0,0.0,0.0,1.0,1.0,0.0,0.0,1.0,1.0,0.0,0.0,1.0,1.0,0.0,0.0,1.0,1.0,0.0,0.0,1.0,1.0,0.0,0.0,1.0,1.0,0.0,0.0,1.0,1.0,0.0,0.0,1.0,1.0,0.0,0.0,1.0,1.0,0.0,0.0,1.0,1.0,0.0,0.0,1.0,1.0,0.0,0.0,1.0,1.0,0.0,0.0,1.0,1.0,0.0,0.0,1.0,1.0,0.0,0.0,1.0,1.0,0.0,0.0,1.0,1.0,0.0,0.0,1.0,1.0,0.0,0.0,1.0,1.0,0.0,0.0,1.0,1.0,0.0,0.0,1.0,1.0,0.0,0.0,1.0,1.0,0.0,0.0,1.0,1.0,0.0,0.0,1.0,1.0,0.0,0.0,1.0,1.0,0.0,0.0,1.0,1.0,0.0,0.0,1.0,1.0,0.0,0.0,1.0,1.0,0.0,0.0,1.0,1.0,0.0,0.0,1.0,1.0,0.0,0.0,1.0,1.0,0.0,0.0,1.0,1.0,0.0,0.0,1.0,1.0,0.0,0.0,1.0,1.0,0.0,0.0,1.0,1.0,0.0,0.0,1.0,1.0,0.0,0.0,1.0,1.0,0.0,0.0,1.0,1.0,0.0,0.0,1.0,1.0,0.0,0.0,1.0,1.0,0.0,0.0,1.0,1.0,0.0,0.0,1.0,1.0,0.0,0.0,1.0,1.0,0.0,0.0,1.0,1.0,0.0,0.0,1.0,1.0,0.0,0.0,1.0,1.0,0.0,0.0,1.0,1.0,0.0,0.0,1.0,1.0,0.0,0.0,1.0,1.0,0.0,0.0,1.0,1.0,0.0,0.0,1.0,1.0,0.0,0.0,1.0,1.0,0.0,0.0,1.0,1.0,0.0,0.0,1.0,1.0,0.0,0.0,1.0,1.0,0.0,0.0,1.0,1.0,0.0,0.0,1.0,1.0,0.0,0.0,1.0,1.0,0.0,0.0,1.0,1.0,0.0,0.0,1.0,1.0,0.0,0.0,1.0,1.0,0.0,0.0,1.0,1.0,0.0,0.0,1.0,1.0,0.0,0.0,1.0,1.0,0.0,0.0,1.0,1.0,0.0,0.0,1.0,1.0,0.0,0.0,1.0,1.0,0.0,0.0,1.0,1.0,0.0,0.0,1.0,1.0,0.0,0.0,1.0,1.0,0.0,0.0,1.0,1.0,0.0,0.0,1.0,1.0,0.0,0.0,1.0,1.0,0.0,0.0,1.0,1.0,0.0,0.0,1.0,1.0,0.0,0.0,1.0,1.0,0.0,0.0,1.0,1.0,0.0,0.0,1.0,1.0,0.0,0.0,1.0],"hasVertexAlpha":false,"matricesIndices":[0,0,0,0,0,0,0,0,0,0,0,0,0,0,0,0,0,0,0,0,0,0,0,0,0,0,0,0,0,0,0,0,0,0,0,0,1,1,1,1,1,1,1,1,1,1,1,1,1,1,1,1,1,1,1,1,1,1,1,1,1,1,1,1,1,1,1,1,1,1,1,1,2,2,2,2,2,2,2,2,2,2,2,2,2,2,2,2,2,2,2,2,2,2,2,2,2,2,2,2,2,2,2,2,2,2,2,2,3,3,3,3,3,3,3,3,3,3,3,3,3,3,3,3,3,3,3,3,3,3,3,3,3,3,3,3,3,3,3,3,3,3,3,3,4,4,4,4,4,4,4,4,4,4,4,4,4,4,4,4,4,4,4,4,4,4,4,4,4,4,4,4,4,4,4,4,4,4,4,4,5,5,5,5,5,5,5,5,5,5,5,5,5,5,5,5,5,5,5,5,5,5,5,5,5,5,5,5,5,5,5,5,5,5,5,5],"matricesWeights":[1.0,0.0,0.0,0.0,1.0,0.0,0.0,0.0,1.0,0.0,0.0,0.0,1.0,0.0,0.0,0.0,1.0,0.0,0.0,0.0,1.0,0.0,0.0,0.0,1.0,0.0,0.0,0.0,1.0,0.0,0.0,0.0,1.0,0.0,0.0,0.0,1.0,0.0,0.0,0.0,1.0,0.0,0.0,0.0,1.0,0.0,0.0,0.0,1.0,0.0,0.0,0.0,1.0,0.0,0.0,0.0,1.0,0.0,0.0,0.0,1.0,0.0,0.0,0.0,1.0,0.0,0.0,0.0,1.0,0.0,0.0,0.0,1.0,0.0,0.0,0.0,1.0,0.0,0.0,0.0,1.0,0.0,0.0,0.0,1.0,0.0,0.0,0.0,1.0,0.0,0.0,0.0,1.0,0.0,0.0,0.0,1.0,0.0,0.0,0.0,1.0,0.0,0.0,0.0,1.0,0.0,0.0,0.0,1.0,0.0,0.0,0.0,1.0,0.0,0.0,0.0,1.0,0.0,0.0,0.0,1.0,0.0,0.0,0.0,1.0,0.0,0.0,0.0,1.0,0.0,0.0,0.0,1.0,0.0,0.0,0.0,1.0,0.0,0.0,0.0,1.0,0.0,0.0,0.0,1.0,0.0,0.0,0.0,1.0,0.0,0.0,0.0,1.0,0.0,0.0,0.0,1.0,0.0,0.0,0.0,1.0,0.0,0.0,0.0,1.0,0.0,0.0,0.0,1.0,0.0,0.0,0.0,1.0,0.0,0.0,0.0,1.0,0.0,0.0,0.0,1.0,0.0,0.0,0.0,1.0,0.0,0.0,0.0,1.0,0.0,0.0,0.0,1.0,0.0,0.0,0.0,1.0,0.0,0.0,0.0,1.0,0.0,0.0,0.0,1.0,0.0,0.0,0.0,1.0,0.0,0.0,0.0,1.0,0.0,0.0,0.0,1.0,0.0,0.0,0.0,1.0,0.0,0.0,0.0,1.0,0.0,0.0,0.0,1.0,0.0,0.0,0.0,1.0,0.0,0.0,0.0,1.0,0.0,0.0,0.0,1.0,0.0,0.0,0.0,1.0,0.0,0.0,0.0,1.0,0.0,0.0,0.0,1.0,0.0,0.0,0.0,1.0,0.0,0.0,0.0,1.0,0.0,0.0,0.0,1.0,0.0,0.0,0.0,1.0,0.0,0.0,0.0,1.0,0.0,0.0,0.0,1.0,0.0,0.0,0.0,1.0,0.0,0.0,0.0,1.0,0.0,0.0,0.0,1.0,0.0,0.0,0.0,1.0,0.0,0.0,0.0,1.0,0.0,0.0,0.0,1.0,0.0,0.0,0.0,1.0,0.0,0.0,0.0,1.0,0.0,0.0,0.0,1.0,0.0,0.0,0.0,1.0,0.0,0.0,0.0,1.0,0.0,0.0,0.0,1.0,0.0,0.0,0.0,1.0,0.0,0.0,0.0,1.0,0.0,0.0,0.0,1.0,0.0,0.0,0.0,1.0,0.0,0.0,0.0,1.0,0.0,0.0,0.0,1.0,0.0,0.0,0.0,1.0,0.0,0.0,0.0,1.0,0.0,0.0,0.0,1.0,0.0,0.0,0.0,1.0,0.0,0.0,0.0,1.0,0.0,0.0,0.0,1.0,0.0,0.0,0.0,1.0,0.0,0.0,0.0,1.0,0.0,0.0,0.0,1.0,0.0,0.0,0.0,1.0,0.0,0.0,0.0,1.0,0.0,0.0,0.0,1.0,0.0,0.0,0.0,1.0,0.0,0.0,0.0,1.0,0.0,0.0,0.0,1.0,0.0,0.0,0.0,1.0,0.0,0.0,0.0,1.0,0.0,0.0,0.0,1.0,0.0,0.0,0.0,1.0,0.0,0.0,0.0,1.0,0.0,0.0,0.0,1.0,0.0,0.0,0.0,1.0,0.0,0.0,0.0,1.0,0.0,0.0,0.0,1.0,0.0,0.0,0.0,1.0,0.0,0.0,0.0,1.0,0.0,0.0,0.0,1.0,0.0,0.0,0.0,1.0,0.0,0.0,0.0,1.0,0.0,0.0,0.0,1.0,0.0,0.0,0.0,1.0,0.0,0.0,0.0,1.0,0.0,0.0,0.0,1.0,0.0,0.0,0.0,1.0,0.0,0.0,0.0,1.0,0.0,0.0,0.0,1.0,0.0,0.0,0.0,1.0,0.0,0.0,0.0,1.0,0.0,0.0,0.0,1.0,0.0,0.0,0.0,1.0,0.0,0.0,0.0,1.0,0.0,0.0,0.0,1.0,0.0,0.0,0.0,1.0,0.0,0.0,0.0,1.0,0.0,0.0,0.0,1.0,0.0,0.0,0.0,1.0,0.0,0.0,0.0,1.0,0.0,0.0,0.0,1.0,0.0,0.0,0.0,1.0,0.0,0.0,0.0,1.0,0.0,0.0,0.0,1.0,0.0,0.0,0.0,1.0,0.0,0.0,0.0,1.0,0.0,0.0,0.0,1.0,0.0,0.0,0.0,1.0,0.0,0.0,0.0,1.0,0.0,0.0,0.0,1.0,0.0,0.0,0.0,1.0,0.0,0.0,0.0,1.0,0.0,0.0,0.0,1.0,0.0,0.0,0.0,1.0,0.0,0.0,0.0,1.0,0.0,0.0,0.0,1.0,0.0,0.0,0.0,1.0,0.0,0.0,0.0,1.0,0.0,0.0,0.0,1.0,0.0,0.0,0.0,1.0,0.0,0.0,0.0,1.0,0.0,0.0,0.0,1.0,0.0,0.0,0.0,1.0,0.0,0.0,0.0,1.0,0.0,0.0,0.0,1.0,0.0,0.0,0.0,1.0,0.0,0.0,0.0,1.0,0.0,0.0,0.0,1.0,0.0,0.0,0.0,1.0,0.0,0.0,0.0,1.0,0.0,0.0,0.0,1.0,0.0,0.0,0.0,1.0,0.0,0.0,0.0,1.0,0.0,0.0,0.0,1.0,0.0,0.0,0.0,1.0,0.0,0.0,0.0,1.0,0.0,0.0,0.0,1.0,0.0,0.0,0.0,1.0,0.0,0.0,0.0,1.0,0.0,0.0,0.0,1.0,0.0,0.0,0.0,1.0,0.0,0.0,0.0,1.0,0.0,0.0,0.0,1.0,0.0,0.0,0.0,1.0,0.0,0.0,0.0,1.0,0.0,0.0,0.0,1.0,0.0,0.0,0.0,1.0,0.0,0.0,0.0,1.0,0.0,0.0,0.0,1.0,0.0,0.0,0.0,1.0,0.0,0.0,0.0,1.0,0.0,0.0,0.0,1.0,0.0,0.0,0.0,1.0,0.0,0.0,0.0,1.0,0.0,0.0,0.0,1.0,0.0,0.0,0.0,1.0,0.0,0.0,0.0,1.0,0.0,0.0,0.0,1.0,0.0,0.0,0.0,1.0,0.0,0.0,0.0,1.0,0.0,0.0,0.0,1.0,0.0,0.0,0.0,1.0,0.0,0.0,0.0,1.0,0.0,0.0,0.0,1.0,0.0,0.0,0.0,1.0,0.0,0.0,0.0,1.0,0.0,0.0,0.0,1.0,0.0,0.0,0.0,1.0,0.0,0.0,0.0,1.0,0.0,0.0,0.0,1.0,0.0,0.0,0.0,1.0,0.0,0.0,0.0,1.0,0.0,0.0,0.0,1.0,0.0,0.0,0.0,1.0,0.0,0.0,0.0,1.0,0.0,0.0,0.0,1.0,0.0,0.0,0.0,1.0,0.0,0.0,0.0,1.0,0.0,0.0,0.0,1.0,0.0,0.0,0.0,1.0,0.0,0.0,0.0,1.0,0.0,0.0,0.0],"matricesIndicesExtra":null,"matricesWeightsExtra":null,"indices":[0,1,2,3,4,5,6,7,8,9,10,11,12,13,14,15,16,17,18,19,20,21,22,23,24,25,26,27,28,29,30,31,32,33,34,35,36,37,38,39,40,41,42,43,44,45,46,47,48,49,50,51,52,53,54,55,56,57,58,59,60,61,62,63,64,65,66,67,68,69,70,71,72,73,74,75,76,77,78,79,80,81,82,83,84,85,86,87,88,89,90,91,92,93,94,95,96,97,98,99,100,101,102,103,104,105,106,107,108,109,110,111,112,113,114,115,116,117,118,119,120,121,122,123,124,125,126,127,128,129,130,131,132,133,134,135,136,137,138,139,140,141,142,143,144,145,146,147,148,149,150,151,152,153,154,155,156,157,158,159,160,161,162,163,164,165,166,167,168,169,170,171,172,173,174,175,176,177,178,179,180,181,182,183,184,185,186,187,188,189,190,191,192,193,194,195,196,197,198,199,200,201,202,203,204,205,206,207,208,209,210,211,212,213,214,215],"receiveShadows":true,"infiniteDistance":false,"billboardMode":0,"visibility":1.0,"subMeshes":[{"materialIndex":0,"verticesStart":0,"verticesCount":216,"indexStart":0,"indexCount":216}],"instances":null,"skeletonId":0,"numBoneInfluencers":2,"applyFog":true,"lodMeshIds":null,"lodDistances":null,"lodCoverages":null,"rotation":null,"scaling":[1.0,1.0,1.0],"rotationQuaternion":[0.0,0.0,0.0,1.0],"actions":null,"checkCollisions":false,"pickable":false,"showBoundingBox":false,"showSubMeshesBoundingBox":false,"alphaIndex":1000,"physicsImpostor":0,"physicsMass":0.0,"physicsFriction":0.0,"physicsRestitution":0.0,"name":"Box001","id":"373b5510-68ac-4451-ba73-8f8ddb03f1bb","parentId":null,"position":[0.0157,-0.0185,0.0155],"animations":[],"autoAnimate":true,"autoAnimateFrom":0,"autoAnimateTo":100,"autoAnimateLoop":true,"metadata":null}],"sounds":[],"materials":[],"multiMaterials":[],"particleSystems":null,"lensFlareSystems":null,"shadowGenerators":[],"skeletons":[{"id":0,"name":"skeleton #0","bones":[{"id":"34ab533c-459a-497a-b396-8d7d1e66dddc-bone","name":"Bone001","index":0,"parentBoneIndex":-1,"matrix":[-0.0027,1.0,0.0,0.0,0.0,0.0,-1.0,0.0,-1.0,-0.0027,0.0,0.0,0.0055,-1.0824,0.0,1.0],"animation":null,"linkedTransformNodeId":null},{"id":"f9811b46-4cf3-4d21-aa49-b1c748bfc54c-bone","name":"Bone002","index":1,"parentBoneIndex":0,"matrix":[1.0,0.0,0.0041,0.0,0.0,1.0,0.0,0.0,-0.0041,0.0,1.0,0.0,2.0107,0.0,0.0,1.0],"animation":null,"linkedTransformNodeId":null},{"id":"ccd5189d-4da7-49bb-bed0-de4c654c9a1a-bone","name":"Bone003","index":2,"parentBoneIndex":1,"matrix":[-0.0007,0.0,-1.0,0.0,0.0,1.0,0.0,0.0,1.0,0.0,-0.0007,0.0,0.0017,0.0,-0.5362,1.0],"animation":{"name":"Bone003Animation","property":"_matrix","dataType":3,"enableBlending":false,"blendingSpeed":0.01,"loopBehavior":1,"framePerSecond":30,"keys":[{"frame":0.0,"values":[-0.0007,0.0,-1.0,0.0,0.0,1.0,0.0,0.0,1.0,0.0,-0.0007,0.0,0.0017,0.0,-0.5362,1.0]},{"frame":1.0,"values":[-0.0007,0.011,-0.9999,0.0,0.0,0.9999,0.011,0.0,1.0,0.0,-0.0007,0.0,0.0017,0.0,-0.5362,1.0]},{"frame":2.0,"values":[-0.0007,0.0427,-0.9991,0.0,0.0,0.9991,0.0427,0.0,1.0,0.0,-0.0007,0.0,0.0017,0.0,-0.5362,1.0]},{"frame":3.0,"values":[-0.0007,0.0924,-0.9957,0.0,0.0001,0.9957,0.0924,0.0,1.0,0.0,-0.0007,0.0,0.0017,0.0,-0.5362,1.0]},{"frame":4.0,"values":[-0.0007,0.1578,-0.9875,0.0,0.0001,0.9875,0.1578,0.0,1.0,0.0,-0.0007,0.0,0.0017,0.0,-0.5362,1.0]},{"frame":5.0,"values":[-0.0007,0.2359,-0.9718,0.0,0.0002,0.9718,0.2359,0.0,1.0,0.0,-0.0007,0.0,0.0017,0.0,-0.5362,1.0]},{"frame":6.0,"values":[-0.0007,0.3233,-0.9463,0.0,0.0002,0.9463,0.3233,0.0,1.0,0.0,-0.0007,0.0,0.0017,0.0,-0.5362,1.0]},{"frame":7.0,"values":[-0.0007,0.4163,-0.9092,0.0,0.0003,0.9092,0.4163,0.0,1.0,0.0,-0.0007,0.0,0.0017,0.0,-0.5362,1.0]},{"frame":8.0,"values":[-0.0006,0.5111,-0.8595,0.0,0.0004,0.8595,0.5111,0.0,1.0,0.0,-0.0007,0.0,0.0017,0.0,-0.5362,1.0]},{"frame":9.0,"values":[-0.0006,0.6036,-0.7973,0.0,0.0004,0.7973,0.6036,0.0,1.0,0.0,-0.0007,0.0,0.0017,0.0,-0.5362,1.0]},{"frame":10.0,"values":[-0.0005,0.6904,-0.7235,0.0,0.0005,0.7235,0.6904,0.0,1.0,0.0,-0.0007,0.0,0.0017,0.0,-0.5362,1.0]},{"frame":11.0,"values":[-0.0005,0.7681,-0.6403,0.0,0.0006,0.6403,0.7681,0.0,1.0,0.0,-0.0007,0.0,0.0017,0.0,-0.5362,1.0]},{"frame":12.0,"values":[-0.0004,0.8347,-0.5508,0.0,0.0006,0.5508,0.8347,0.0,1.0,0.0,-0.0007,0.0,0.0017,0.0,-0.5362,1.0]},{"frame":13.0,"values":[-0.0003,0.8887,-0.4584,0.0,0.0007,0.4584,0.8887,0.0,1.0,0.0,-0.0007,0.0,0.0017,0.0,-0.5362,1.0]},{"frame":14.0,"values":[-0.0003,0.9301,-0.3672,0.0,0.0007,0.3672,0.9301,0.0,1.0,0.0,-0.0007,0.0,0.0017,0.0,-0.5362,1.0]},{"frame":15.0,"values":[-0.0002,0.9597,-0.2811,0.0,0.0007,0.2811,0.9597,0.0,1.0,0.0,-0.0007,0.0,0.0017,0.0,-0.5362,1.0]},{"frame":16.0,"values":[-0.0002,0.979,-0.2039,0.0,0.0007,0.2039,0.979,0.0,1.0,0.0,-0.0007,0.0,0.0017,0.0,-0.5362,1.0]},{"frame":17.0,"values":[-0.0001,0.9903,-0.139,0.0,0.0007,0.139,0.9903,0.0,1.0,0.0,-0.0007,0.0,0.0017,0.0,-0.5362,1.0]},{"frame":18.0,"values":[-0.0001,0.996,-0.0894,0.0,0.0007,0.0894,0.996,0.0,1.0,0.0,-0.0007,0.0,0.0017,0.0,-0.5362,1.0]},{"frame":19.0,"values":[0.0,0.9983,-0.0578,0.0,0.0007,0.0578,0.9983,0.0,1.0,0.0,-0.0007,0.0,0.0017,0.0,-0.5362,1.0]},{"frame":20.0,"values":[0.0,0.9989,-0.0468,0.0,0.0007,0.0468,0.9989,0.0,1.0,0.0,-0.0007,0.0,0.0017,0.0,-0.5362,1.0]},{"frame":21.0,"values":[0.0,0.9983,-0.0578,0.0,0.0007,0.0578,0.9983,0.0,1.0,0.0,-0.0007,0.0,0.0017,0.0,-0.5362,1.0]},{"frame":22.0,"values":[-0.0001,0.996,-0.0894,0.0,0.0007,0.0894,0.996,0.0,1.0,0.0,-0.0007,0.0,0.0017,0.0,-0.5362,1.0]},{"frame":23.0,"values":[-0.0001,0.9903,-0.139,0.0,0.0007,0.139,0.9903,0.0,1.0,0.0,-0.0007,0.0,0.0017,0.0,-0.5362,1.0]},{"frame":24.0,"values":[-0.0002,0.979,-0.2039,0.0,0.0007,0.2039,0.979,0.0,1.0,0.0,-0.0007,0.0,0.0017,0.0,-0.5362,1.0]},{"frame":25.0,"values":[-0.0002,0.9597,-0.2811,0.0,0.0007,0.2811,0.9597,0.0,1.0,0.0,-0.0007,0.0,0.0017,0.0,-0.5362,1.0]},{"frame":26.0,"values":[-0.0003,0.9301,-0.3672,0.0,0.0007,0.3672,0.9301,0.0,1.0,0.0,-0.0007,0.0,0.0017,0.0,-0.5362,1.0]},{"frame":27.0,"values":[-0.0003,0.8887,-0.4584,0.0,0.0007,0.4584,0.8887,0.0,1.0,0.0,-0.0007,0.0,0.0017,0.0,-0.5362,1.0]},{"frame":28.0,"values":[-0.0004,0.8347,-0.5508,0.0,0.0006,0.5508,0.8347,0.0,1.0,0.0,-0.0007,0.0,0.0017,0.0,-0.5362,1.0]},{"frame":29.0,"values":[-0.0005,0.7681,-0.6403,0.0,0.0006,0.6403,0.7681,0.0,1.0,0.0,-0.0007,0.0,0.0017,0.0,-0.5362,1.0]},{"frame":30.0,"values":[-0.0005,0.6904,-0.7235,0.0,0.0005,0.7235,0.6904,0.0,1.0,0.0,-0.0007,0.0,0.0017,0.0,-0.5362,1.0]},{"frame":31.0,"values":[-0.0006,0.6036,-0.7973,0.0,0.0004,0.7973,0.6036,0.0,1.0,0.0,-0.0007,0.0,0.0017,0.0,-0.5362,1.0]},{"frame":32.0,"values":[-0.0006,0.5111,-0.8595,0.0,0.0004,0.8595,0.5111,0.0,1.0,0.0,-0.0007,0.0,0.0017,0.0,-0.5362,1.0]},{"frame":33.0,"values":[-0.0007,0.4163,-0.9092,0.0,0.0003,0.9092,0.4163,0.0,1.0,0.0,-0.0007,0.0,0.0017,0.0,-0.5362,1.0]},{"frame":34.0,"values":[-0.0007,0.3233,-0.9463,0.0,0.0002,0.9463,0.3233,0.0,1.0,0.0,-0.0007,0.0,0.0017,0.0,-0.5362,1.0]},{"frame":35.0,"values":[-0.0007,0.2359,-0.9718,0.0,0.0002,0.9718,0.2359,0.0,1.0,0.0,-0.0007,0.0,0.0017,0.0,-0.5362,1.0]},{"frame":36.0,"values":[-0.0007,0.1578,-0.9875,0.0,0.0001,0.9875,0.1578,0.0,1.0,0.0,-0.0007,0.0,0.0017,0.0,-0.5362,1.0]},{"frame":37.0,"values":[-0.0007,0.0924,-0.9957,0.0,0.0001,0.9957,0.0924,0.0,1.0,0.0,-0.0007,0.0,0.0017,0.0,-0.5362,1.0]},{"frame":38.0,"values":[-0.0007,0.0427,-0.9991,0.0,0.0,0.9991,0.0427,0.0,1.0,0.0,-0.0007,0.0,0.0017,0.0,-0.5362,1.0]},{"frame":39.0,"values":[-0.0007,0.011,-0.9999,0.0,0.0,0.9999,0.011,0.0,1.0,0.0,-0.0007,0.0,0.0017,0.0,-0.5362,1.0]},{"frame":40.0,"values":[-0.0007,0.0,-1.0,0.0,0.0,1.0,0.0,0.0,1.0,0.0,-0.0007,0.0,0.0017,0.0,-0.5362,1.0]},{"frame":41.0,"values":[-0.0007,0.011,-0.9999,0.0,0.0,0.9999,0.011,0.0,1.0,0.0,-0.0007,0.0,0.0017,0.0,-0.5362,1.0]},{"frame":42.0,"values":[-0.0007,0.0427,-0.9991,0.0,0.0,0.9991,0.0427,0.0,1.0,0.0,-0.0007,0.0,0.0017,0.0,-0.5362,1.0]},{"frame":43.0,"values":[-0.0007,0.0924,-0.9957,0.0,0.0001,0.9957,0.0924,0.0,1.0,0.0,-0.0007,0.0,0.0017,0.0,-0.5362,1.0]},{"frame":44.0,"values":[-0.0007,0.1578,-0.9875,0.0,0.0001,0.9875,0.1578,0.0,1.0,0.0,-0.0007,0.0,0.0017,0.0,-0.5362,1.0]},{"frame":45.0,"values":[-0.0007,0.2359,-0.9718,0.0,0.0002,0.9718,0.2359,0.0,1.0,0.0,-0.0007,0.0,0.0017,0.0,-0.5362,1.0]},{"frame":46.0,"values":[-0.0007,0.3233,-0.9463,0.0,0.0002,0.9463,0.3233,0.0,1.0,0.0,-0.0007,0.0,0.0017,0.0,-0.5362,1.0]},{"frame":47.0,"values":[-0.0007,0.4163,-0.9092,0.0,0.0003,0.9092,0.4163,0.0,1.0,0.0,-0.0007,0.0,0.0017,0.0,-0.5362,1.0]},{"frame":48.0,"values":[-0.0006,0.5111,-0.8595,0.0,0.0004,0.8595,0.5111,0.0,1.0,0.0,-0.0007,0.0,0.0017,0.0,-0.5362,1.0]},{"frame":49.0,"values":[-0.0006,0.6036,-0.7973,0.0,0.0004,0.7973,0.6036,0.0,1.0,0.0,-0.0007,0.0,0.0017,0.0,-0.5362,1.0]},{"frame":50.0,"values":[-0.0005,0.6904,-0.7235,0.0,0.0005,0.7235,0.6904,0.0,1.0,0.0,-0.0007,0.0,0.0017,0.0,-0.5362,1.0]},{"frame":51.0,"values":[-0.0005,0.7681,-0.6403,0.0,0.0006,0.6403,0.7681,0.0,1.0,0.0,-0.0007,0.0,0.0017,0.0,-0.5362,1.0]},{"frame":52.0,"values":[-0.0004,0.8347,-0.5508,0.0,0.0006,0.5508,0.8347,0.0,1.0,0.0,-0.0007,0.0,0.0017,0.0,-0.5362,1.0]},{"frame":53.0,"values":[-0.0003,0.8887,-0.4584,0.0,0.0007,0.4584,0.8887,0.0,1.0,0.0,-0.0007,0.0,0.0017,0.0,-0.5362,1.0]},{"frame":54.0,"values":[-0.0003,0.9301,-0.3672,0.0,0.0007,0.3672,0.9301,0.0,1.0,0.0,-0.0007,0.0,0.0017,0.0,-0.5362,1.0]},{"frame":55.0,"values":[-0.0002,0.9597,-0.2811,0.0,0.0007,0.2811,0.9597,0.0,1.0,0.0,-0.0007,0.0,0.0017,0.0,-0.5362,1.0]},{"frame":56.0,"values":[-0.0002,0.979,-0.2039,0.0,0.0007,0.2039,0.979,0.0,1.0,0.0,-0.0007,0.0,0.0017,0.0,-0.5362,1.0]},{"frame":57.0,"values":[-0.0001,0.9903,-0.139,0.0,0.0007,0.139,0.9903,0.0,1.0,0.0,-0.0007,0.0,0.0017,0.0,-0.5362,1.0]},{"frame":58.0,"values":[-0.0001,0.996,-0.0894,0.0,0.0007,0.0894,0.996,0.0,1.0,0.0,-0.0007,0.0,0.0017,0.0,-0.5362,1.0]},{"frame":59.0,"values":[0.0,0.9983,-0.0578,0.0,0.0007,0.0578,0.9983,0.0,1.0,0.0,-0.0007,0.0,0.0017,0.0,-0.5362,1.0]},{"frame":60.0,"values":[0.0,0.9989,-0.0468,0.0,0.0007,0.0468,0.9989,0.0,1.0,0.0,-0.0007,0.0,0.0017,0.0,-0.5362,1.0]},{"frame":61.0,"values":[0.0,0.9983,-0.0578,0.0,0.0007,0.0578,0.9983,0.0,1.0,0.0,-0.0007,0.0,0.0017,0.0,-0.5362,1.0]},{"frame":62.0,"values":[-0.0001,0.996,-0.0894,0.0,0.0007,0.0894,0.996,0.0,1.0,0.0,-0.0007,0.0,0.0017,0.0,-0.5362,1.0]},{"frame":63.0,"values":[-0.0001,0.9903,-0.139,0.0,0.0007,0.139,0.9903,0.0,1.0,0.0,-0.0007,0.0,0.0017,0.0,-0.5362,1.0]},{"frame":64.0,"values":[-0.0002,0.979,-0.2039,0.0,0.0007,0.2039,0.979,0.0,1.0,0.0,-0.0007,0.0,0.0017,0.0,-0.5362,1.0]},{"frame":65.0,"values":[-0.0002,0.9597,-0.2811,0.0,0.0007,0.2811,0.9597,0.0,1.0,0.0,-0.0007,0.0,0.0017,0.0,-0.5362,1.0]},{"frame":66.0,"values":[-0.0003,0.9301,-0.3672,0.0,0.0007,0.3672,0.9301,0.0,1.0,0.0,-0.0007,0.0,0.0017,0.0,-0.5362,1.0]},{"frame":67.0,"values":[-0.0003,0.8887,-0.4584,0.0,0.0007,0.4584,0.8887,0.0,1.0,0.0,-0.0007,0.0,0.0017,0.0,-0.5362,1.0]},{"frame":68.0,"values":[-0.0004,0.8347,-0.5508,0.0,0.0006,0.5508,0.8347,0.0,1.0,0.0,-0.0007,0.0,0.0017,0.0,-0.5362,1.0]},{"frame":69.0,"values":[-0.0005,0.7681,-0.6403,0.0,0.0006,0.6403,0.7681,0.0,1.0,0.0,-0.0007,0.0,0.0017,0.0,-0.5362,1.0]},{"frame":70.0,"values":[-0.0005,0.6904,-0.7235,0.0,0.0005,0.7235,0.6904,0.0,1.0,0.0,-0.0007,0.0,0.0017,0.0,-0.5362,1.0]},{"frame":71.0,"values":[-0.0006,0.6036,-0.7973,0.0,0.0004,0.7973,0.6036,0.0,1.0,0.0,-0.0007,0.0,0.0017,0.0,-0.5362,1.0]},{"frame":72.0,"values":[-0.0006,0.5111,-0.8595,0.0,0.0004,0.8595,0.5111,0.0,1.0,0.0,-0.0007,0.0,0.0017,0.0,-0.5362,1.0]},{"frame":73.0,"values":[-0.0007,0.4163,-0.9092,0.0,0.0003,0.9092,0.4163,0.0,1.0,0.0,-0.0007,0.0,0.0017,0.0,-0.5362,1.0]},{"frame":74.0,"values":[-0.0007,0.3233,-0.9463,0.0,0.0002,0.9463,0.3233,0.0,1.0,0.0,-0.0007,0.0,0.0017,0.0,-0.5362,1.0]},{"frame":75.0,"values":[-0.0007,0.2359,-0.9718,0.0,0.0002,0.9718,0.2359,0.0,1.0,0.0,-0.0007,0.0,0.0017,0.0,-0.5362,1.0]},{"frame":76.0,"values":[-0.0007,0.1578,-0.9875,0.0,0.0001,0.9875,0.1578,0.0,1.0,0.0,-0.0007,0.0,0.0017,0.0,-0.5362,1.0]},{"frame":77.0,"values":[-0.0007,0.0924,-0.9957,0.0,0.0001,0.9957,0.0924,0.0,1.0,0.0,-0.0007,0.0,0.0017,0.0,-0.5362,1.0]},{"frame":78.0,"values":[-0.0007,0.0427,-0.9991,0.0,0.0,0.9991,0.0427,0.0,1.0,0.0,-0.0007,0.0,0.0017,0.0,-0.5362,1.0]},{"frame":79.0,"values":[-0.0007,0.011,-0.9999,0.0,0.0,0.9999,0.011,0.0,1.0,0.0,-0.0007,0.0,0.0017,0.0,-0.5362,1.0]},{"frame":80.0,"values":[-0.0007,0.0,-1.0,0.0,0.0,1.0,0.0,0.0,1.0,0.0,-0.0007,0.0,0.0017,0.0,-0.5362,1.0]},{"frame":81.0,"values":[-0.0007,0.011,-0.9999,0.0,0.0,0.9999,0.011,0.0,1.0,0.0,-0.0007,0.0,0.0017,0.0,-0.5362,1.0]},{"frame":82.0,"values":[-0.0007,0.0427,-0.9991,0.0,0.0,0.9991,0.0427,0.0,1.0,0.0,-0.0007,0.0,0.0017,0.0,-0.5362,1.0]},{"frame":83.0,"values":[-0.0007,0.0924,-0.9957,0.0,0.0001,0.9957,0.0924,0.0,1.0,0.0,-0.0007,0.0,0.0017,0.0,-0.5362,1.0]},{"frame":84.0,"values":[-0.0007,0.1578,-0.9875,0.0,0.0001,0.9875,0.1578,0.0,1.0,0.0,-0.0007,0.0,0.0017,0.0,-0.5362,1.0]},{"frame":85.0,"values":[-0.0007,0.2359,-0.9718,0.0,0.0002,0.9718,0.2359,0.0,1.0,0.0,-0.0007,0.0,0.0017,0.0,-0.5362,1.0]},{"frame":86.0,"values":[-0.0007,0.3233,-0.9463,0.0,0.0002,0.9463,0.3233,0.0,1.0,0.0,-0.0007,0.0,0.0017,0.0,-0.5362,1.0]},{"frame":87.0,"values":[-0.0007,0.4163,-0.9092,0.0,0.0003,0.9092,0.4163,0.0,1.0,0.0,-0.0007,0.0,0.0017,0.0,-0.5362,1.0]},{"frame":88.0,"values":[-0.0006,0.5111,-0.8595,0.0,0.0004,0.8595,0.5111,0.0,1.0,0.0,-0.0007,0.0,0.0017,0.0,-0.5362,1.0]},{"frame":89.0,"values":[-0.0006,0.6036,-0.7973,0.0,0.0004,0.7973,0.6036,0.0,1.0,0.0,-0.0007,0.0,0.0017,0.0,-0.5362,1.0]},{"frame":90.0,"values":[-0.0005,0.6904,-0.7235,0.0,0.0005,0.7235,0.6904,0.0,1.0,0.0,-0.0007,0.0,0.0017,0.0,-0.5362,1.0]},{"frame":91.0,"values":[-0.0005,0.7681,-0.6403,0.0,0.0006,0.6403,0.7681,0.0,1.0,0.0,-0.0007,0.0,0.0017,0.0,-0.5362,1.0]},{"frame":92.0,"values":[-0.0004,0.8347,-0.5508,0.0,0.0006,0.5508,0.8347,0.0,1.0,0.0,-0.0007,0.0,0.0017,0.0,-0.5362,1.0]},{"frame":93.0,"values":[-0.0003,0.8887,-0.4584,0.0,0.0007,0.4584,0.8887,0.0,1.0,0.0,-0.0007,0.0,0.0017,0.0,-0.5362,1.0]},{"frame":94.0,"values":[-0.0003,0.9301,-0.3672,0.0,0.0007,0.3672,0.9301,0.0,1.0,0.0,-0.0007,0.0,0.0017,0.0,-0.5362,1.0]},{"frame":95.0,"values":[-0.0002,0.9597,-0.2811,0.0,0.0007,0.2811,0.9597,0.0,1.0,0.0,-0.0007,0.0,0.0017,0.0,-0.5362,1.0]},{"frame":96.0,"values":[-0.0002,0.979,-0.2039,0.0,0.0007,0.2039,0.979,0.0,1.0,0.0,-0.0007,0.0,0.0017,0.0,-0.5362,1.0]},{"frame":97.0,"values":[-0.0001,0.9903,-0.139,0.0,0.0007,0.139,0.9903,0.0,1.0,0.0,-0.0007,0.0,0.0017,0.0,-0.5362,1.0]},{"frame":98.0,"values":[-0.0001,0.996,-0.0894,0.0,0.0007,0.0894,0.996,0.0,1.0,0.0,-0.0007,0.0,0.0017,0.0,-0.5362,1.0]},{"frame":99.0,"values":[0.0,0.9983,-0.0578,0.0,0.0007,0.0578,0.9983,0.0,1.0,0.0,-0.0007,0.0,0.0017,0.0,-0.5362,1.0]},{"frame":100.0,"values":[0.0,0.9989,-0.0468,0.0,0.0007,0.0468,0.9989,0.0,1.0,0.0,-0.0007,0.0,0.0017,0.0,-0.5362,1.0]}]},"linkedTransformNodeId":null},{"id":"c61dd400-533d-4305-ad82-d200b560c1f6-bone","name":"Bone004","index":3,"parentBoneIndex":2,"matrix":[1.0,0.0,-0.0061,0.0,0.0,1.0,0.0,0.0,0.0061,0.0,1.0,0.0,0.8847,0.0,0.0,1.0],"animation":null,"linkedTransformNodeId":null},{"id":"dc5dc366-2a77-462a-8ed6-042ff5441b09-bone","name":"Bone005","index":4,"parentBoneIndex":1,"matrix":[-0.0101,0.0,0.9999,0.0,0.0,1.0,0.0,0.0,-0.9999,0.0,-0.0101,0.0,0.0193,0.0,0.4771,1.0],"animation":{"name":"Bone005Animation","property":"_matrix","dataType":3,"enableBlending":false,"blendingSpeed":0.01,"loopBehavior":1,"framePerSecond":30,"keys":[{"frame":0.0,"values":[-0.0101,0.0,0.9999,0.0,0.0,1.0,0.0,0.0,-0.9999,0.0,-0.0101,0.0,0.0193,0.0,0.4771,1.0]},{"frame":1.0,"values":[-0.0166,0.0052,0.9998,0.0,0.0008,1.0,-0.0052,0.0,-0.9999,0.0008,-0.0166,0.0,0.0193,0.0,0.4771,1.0]},{"frame":2.0,"values":[-0.0352,0.0203,0.9992,0.0,0.0036,0.9998,-0.0202,0.0,-0.9994,0.0029,-0.0352,0.0,0.0193,0.0,0.4771,1.0]},{"frame":3.0,"values":[-0.0644,0.044,0.997,0.0,0.0092,0.999,-0.0435,0.0,-0.9979,0.0063,-0.0647,0.0,0.0193,0.0,0.4771,1.0]},{"frame":4.0,"values":[-0.1027,0.0752,0.9919,0.0,0.0185,0.9971,-0.0737,0.0,-0.9945,0.0108,-0.1038,0.0,0.0193,0.0,0.4771,1.0]},{"frame":5.0,"values":[-0.1484,0.1129,0.9825,0.0,0.033,0.9935,-0.1092,0.0,-0.9884,0.0162,-0.1511,0.0,0.0193,0.0,0.4771,1.0]},{"frame":6.0,"values":[-0.1994,0.1558,0.9674,0.0,0.0535,0.9875,-0.148,0.0,-0.9784,0.0223,-0.2053,0.0,0.0193,0.0,0.4771,1.0]},{"frame":7.0,"values":[-0.2537,0.2026,0.9458,0.0,0.0809,0.9788,-0.188,0.0,-0.9639,0.0288,-0.2648,0.0,0.0193,0.0,0.4771,1.0]},{"frame":8.0,"values":[-0.3089,0.2522,0.917,0.0,0.1153,0.967,-0.2271,0.0,-0.9441,0.0355,-0.3278,0.0,0.0193,0.0,0.4771,1.0]},{"frame":9.0,"values":[-0.3627,0.3031,0.8812,0.0,0.1563,0.952,-0.2631,0.0,-0.9187,0.0423,-0.3927,0.0,0.0193,0.0,0.4771,1.0]},{"frame":10.0,"values":[-0.4129,0.3542,0.8391,0.0,0.203,0.9339,-0.2944,0.0,-0.8879,0.0488,-0.4575,0.0,0.0193,0.0,0.4771,1.0]},{"frame":11.0,"values":[-0.4577,0.4043,0.7918,0.0,0.2539,0.913,-0.3194,0.0,-0.8521,0.0548,-0.5205,0.0,0.0193,0.0,0.4771,1.0]},{"frame":12.0,"values":[-0.4959,0.4522,0.7413,0.0,0.3071,0.8899,-0.3374,0.0,-0.8122,0.0603,-0.5802,0.0,0.0193,0.0,0.4771,1.0]},{"frame":13.0,"values":[-0.5268,0.497,0.6895,0.0,0.3604,0.8653,-0.3483,0.0,-0.7698,0.065,-0.635,0.0,0.0193,0.0,0.4771,1.0]},{"frame":14.0,"values":[-0.5504,0.5378,0.6387,0.0,0.4118,0.8403,-0.3526,0.0,-0.7263,0.0689,-0.6839,0.0,0.0193,0.0,0.4771,1.0]},{"frame":15.0,"values":[-0.567,0.5737,0.591,0.0,0.4591,0.8159,-0.3515,0.0,-0.6839,0.072,-0.726,0.0,0.0193,0.0,0.4771,1.0]},{"frame":16.0,"values":[-0.5779,0.6043,0.5485,0.0,0.5007,0.7933,-0.3465,0.0,-0.6445,0.0744,-0.7609,0.0,0.0193,0.0,0.4771,1.0]},{"frame":17.0,"values":[-0.5841,0.629,0.513,0.0,0.5349,0.7737,-0.3395,0.0,-0.6105,0.0761,-0.7884,0.0,0.0193,0.0,0.4771,1.0]},{"frame":18.0,"values":[-0.5872,0.6472,0.4861,0.0,0.5606,0.7584,-0.3325,0.0,-0.5839,0.0772,-0.8082,0.0,0.0193,0.0,0.4771,1.0]},{"frame":19.0,"values":[-0.5885,0.6586,0.469,0.0,0.5768,0.7485,-0.3274,0.0,-0.5666,0.0778,-0.8203,0.0,0.0193,0.0,0.4771,1.0]},{"frame":20.0,"values":[-0.5888,0.6625,0.463,0.0,0.5824,0.745,-0.3254,0.0,-0.5605,0.078,-0.8245,0.0,0.0193,0.0,0.4771,1.0]},{"frame":21.0,"values":[-0.5885,0.6586,0.469,0.0,0.5768,0.7485,-0.3274,0.0,-0.5666,0.0778,-0.8203,0.0,0.0193,0.0,0.4771,1.0]},{"frame":22.0,"values":[-0.5872,0.6472,0.4861,0.0,0.5606,0.7584,-0.3325,0.0,-0.5839,0.0772,-0.8082,0.0,0.0193,0.0,0.4771,1.0]},{"frame":23.0,"values":[-0.5841,0.629,0.513,0.0,0.5349,0.7737,-0.3395,0.0,-0.6105,0.0761,-0.7884,0.0,0.0193,0.0,0.4771,1.0]},{"frame":24.0,"values":[-0.5779,0.6043,0.5485,0.0,0.5007,0.7933,-0.3465,0.0,-0.6445,0.0744,-0.7609,0.0,0.0193,0.0,0.4771,1.0]},{"frame":25.0,"values":[-0.567,0.5737,0.591,0.0,0.4591,0.8159,-0.3515,0.0,-0.6839,0.072,-0.726,0.0,0.0193,0.0,0.4771,1.0]},{"frame":26.0,"values":[-0.5504,0.5378,0.6387,0.0,0.4118,0.8403,-0.3526,0.0,-0.7263,0.0689,-0.6839,0.0,0.0193,0.0,0.4771,1.0]},{"frame":27.0,"values":[-0.5268,0.497,0.6895,0.0,0.3604,0.8653,-0.3483,0.0,-0.7698,0.065,-0.635,0.0,0.0193,0.0,0.4771,1.0]},{"frame":28.0,"values":[-0.4959,0.4522,0.7413,0.0,0.3071,0.8899,-0.3374,0.0,-0.8122,0.0603,-0.5802,0.0,0.0193,0.0,0.4771,1.0]},{"frame":29.0,"values":[-0.4577,0.4043,0.7918,0.0,0.2539,0.913,-0.3194,0.0,-0.8521,0.0548,-0.5205,0.0,0.0193,0.0,0.4771,1.0]},{"frame":30.0,"values":[-0.4129,0.3542,0.8391,0.0,0.203,0.9339,-0.2944,0.0,-0.8879,0.0488,-0.4575,0.0,0.0193,0.0,0.4771,1.0]},{"frame":31.0,"values":[-0.3627,0.3031,0.8812,0.0,0.1563,0.952,-0.2631,0.0,-0.9187,0.0423,-0.3927,0.0,0.0193,0.0,0.4771,1.0]},{"frame":32.0,"values":[-0.3089,0.2522,0.917,0.0,0.1153,0.967,-0.2271,0.0,-0.9441,0.0355,-0.3278,0.0,0.0193,0.0,0.4771,1.0]},{"frame":33.0,"values":[-0.2537,0.2026,0.9458,0.0,0.0809,0.9788,-0.188,0.0,-0.9639,0.0288,-0.2648,0.0,0.0193,0.0,0.4771,1.0]},{"frame":34.0,"values":[-0.1994,0.1558,0.9674,0.0,0.0535,0.9875,-0.148,0.0,-0.9784,0.0223,-0.2053,0.0,0.0193,0.0,0.4771,1.0]},{"frame":35.0,"values":[-0.1484,0.1129,0.9825,0.0,0.033,0.9935,-0.1092,0.0,-0.9884,0.0162,-0.1511,0.0,0.0193,0.0,0.4771,1.0]},{"frame":36.0,"values":[-0.1027,0.0752,0.9919,0.0,0.0185,0.9971,-0.0737,0.0,-0.9945,0.0108,-0.1038,0.0,0.0193,0.0,0.4771,1.0]},{"frame":37.0,"values":[-0.0644,0.044,0.997,0.0,0.0092,0.999,-0.0435,0.0,-0.9979,0.0063,-0.0647,0.0,0.0193,0.0,0.4771,1.0]},{"frame":38.0,"values":[-0.0352,0.0203,0.9992,0.0,0.0036,0.9998,-0.0202,0.0,-0.9994,0.0029,-0.0352,0.0,0.0193,0.0,0.4771,1.0]},{"frame":39.0,"values":[-0.0166,0.0052,0.9998,0.0,0.0008,1.0,-0.0052,0.0,-0.9999,0.0008,-0.0166,0.0,0.0193,0.0,0.4771,1.0]},{"frame":40.0,"values":[-0.0101,0.0,0.9999,0.0,0.0,1.0,0.0,0.0,-0.9999,0.0,-0.0101,0.0,0.0193,0.0,0.4771,1.0]},{"frame":41.0,"values":[-0.0166,0.0052,0.9998,0.0,0.0008,1.0,-0.0052,0.0,-0.9999,0.0008,-0.0166,0.0,0.0193,0.0,0.4771,1.0]},{"frame":42.0,"values":[-0.0352,0.0203,0.9992,0.0,0.0036,0.9998,-0.0202,0.0,-0.9994,0.0029,-0.0352,0.0,0.0193,0.0,0.4771,1.0]},{"frame":43.0,"values":[-0.0644,0.044,0.997,0.0,0.0092,0.999,-0.0435,0.0,-0.9979,0.0063,-0.0647,0.0,0.0193,0.0,0.4771,1.0]},{"frame":44.0,"values":[-0.1027,0.0752,0.9919,0.0,0.0185,0.9971,-0.0737,0.0,-0.9945,0.0108,-0.1038,0.0,0.0193,0.0,0.4771,1.0]},{"frame":45.0,"values":[-0.1484,0.1129,0.9825,0.0,0.033,0.9935,-0.1092,0.0,-0.9884,0.0162,-0.1511,0.0,0.0193,0.0,0.4771,1.0]},{"frame":46.0,"values":[-0.1994,0.1558,0.9674,0.0,0.0535,0.9875,-0.148,0.0,-0.9784,0.0223,-0.2053,0.0,0.0193,0.0,0.4771,1.0]},{"frame":47.0,"values":[-0.2537,0.2026,0.9458,0.0,0.0809,0.9788,-0.188,0.0,-0.9639,0.0288,-0.2648,0.0,0.0193,0.0,0.4771,1.0]},{"frame":48.0,"values":[-0.3089,0.2522,0.917,0.0,0.1153,0.967,-0.2271,0.0,-0.9441,0.0355,-0.3278,0.0,0.0193,0.0,0.4771,1.0]},{"frame":49.0,"values":[-0.3627,0.3031,0.8812,0.0,0.1563,0.952,-0.2631,0.0,-0.9187,0.0423,-0.3927,0.0,0.0193,0.0,0.4771,1.0]},{"frame":50.0,"values":[-0.4129,0.3542,0.8391,0.0,0.203,0.9339,-0.2944,0.0,-0.8879,0.0488,-0.4575,0.0,0.0193,0.0,0.4771,1.0]},{"frame":51.0,"values":[-0.4577,0.4043,0.7918,0.0,0.2539,0.913,-0.3194,0.0,-0.8521,0.0548,-0.5205,0.0,0.0193,0.0,0.4771,1.0]},{"frame":52.0,"values":[-0.4959,0.4522,0.7413,0.0,0.3071,0.8899,-0.3374,0.0,-0.8122,0.0603,-0.5802,0.0,0.0193,0.0,0.4771,1.0]},{"frame":53.0,"values":[-0.5268,0.497,0.6895,0.0,0.3604,0.8653,-0.3483,0.0,-0.7698,0.065,-0.635,0.0,0.0193,0.0,0.4771,1.0]},{"frame":54.0,"values":[-0.5504,0.5378,0.6387,0.0,0.4118,0.8403,-0.3526,0.0,-0.7263,0.0689,-0.6839,0.0,0.0193,0.0,0.4771,1.0]},{"frame":55.0,"values":[-0.567,0.5737,0.591,0.0,0.4591,0.8159,-0.3515,0.0,-0.6839,0.072,-0.726,0.0,0.0193,0.0,0.4771,1.0]},{"frame":56.0,"values":[-0.5779,0.6043,0.5485,0.0,0.5007,0.7933,-0.3465,0.0,-0.6445