{"producer":{"name":"3dsmax","version":"2018","exporter_version":"20200513.2","file":"simple3.babylon"},"autoClear":true,"clearColor":[0.0,0.0,0.0],"ambientColor":[0.0,0.0,0.0],"fogMode":0,"fogColor":null,"fogStart":0.0,"fogEnd":0.0,"fogDensity":0.0,"gravity":[0.0,0.0,0.0],"physicsEngine":null,"physicsEnabled":false,"physicsGravity":null,"lights":[{"direction":[0.0,1.0,0.0],"type":3,"diffuse":[1.0,1.0,1.0],"specular":[1.0,1.0,1.0],"intensity":1.0,"range":3.40282347E+38,"exponent":0.0,"angle":0.0,"groundColor":[0.0,0.0,0.0],"excludedMeshesIds":null,"includedOnlyMeshesIds":null,"lightmapMode":null,"falloffType":null,"name":"Default light","id":"2d09d9d0-0901-4c39-8eb0-9899d47e9fe1","parentId":null,"position":[0.0,0.0,0.0],"animations":null,"autoAnimate":false,"autoAnimateFrom":0,"autoAnimateTo":0,"autoAnimateLoop":false,"metadata":null}],"meshes":[{"materialId":null,"isEnabled":true,"isVisible":true,"positions":[-0.1284,-0.8001,0.1461,-0.1284,0.0572,0.1461,0.1314,0.0572,0.1461,0.1314,0.0572,0.1461,0.1314,-0.8001,0.1461,-0.1284,-0.8001,0.1461,-0.1284,-0.8001,-0.1461,0.1314,-0.8001,-0.1461,0.1314,0.0572,-0.1461,0.1314,0.0572,-0.1461,-0.1284,0.0572,-0.1461,-0.1284,-0.8001,-0.1461,-0.1284,-0.8001,0.1461,0.1314,-0.8001,0.1461,0.1314,-0.8001,-0.1461,0.1314,-0.8001,-0.1461,-0.1284,-0.8001,-0.1461,-0.1284,-0.8001,0.1461,0.1314,-0.8001,0.1461,0.1314,0.0572,0.1461,0.1314,0.0572,-0.1461,0.1314,0.0572,-0.1461,0.1314,-0.8001,-0.1461,0.1314,-0.8001,0.1461,0.1314,0.0572,0.1461,-0.1284,0.0572,0.1461,-0.1284,0.0572,-0.1461,-0.1284,0.0572,-0.1461,0.1314,0.0572,-0.1461,0.1314,0.0572,0.1461,-0.1284,0.0572,0.1461,-0.1284,-0.8001,0.1461,-0.1284,-0.8001,-0.1461,-0.1284,-0.8001,-0.1461,-0.1284,0.0572,-0.1461,-0.1284,0.0572,0.1461,0.4827,-0.0466,0.0633,0.4827,0.0502,0.0633,0.8086,0.0502,0.0633,0.8086,0.0502,0.0633,0.8086,-0.0466,0.0633,0.4827,-0.0466,0.0633,0.4827,-0.0466,-0.0633,0.8086,-0.0466,-0.0633,0.8086,0.0502,-0.0633,0.8086,0.0502,-0.0633,0.4827,0.0502,-0.0633,0.4827,-0.0466,-0.0633,0.4827,-0.0466,0.0633,0.8086,-0.0466,0.0633,0.8086,-0.0466,-0.0633,0.8086,-0.0466,-0.0633,0.4827,-0.0466,-0.0633,0.4827,-0.0466,0.0633,0.8086,-0.0466,0.0633,0.8086,0.0502,0.0633,0.8086,0.0502,-0.0633,0.8086,0.0502,-0.0633,0.8086,-0.0466,-0.0633,0.8086,-0.0466,0.0633,0.8086,0.0502,0.0633,0.4827,0.0502,0.0633,0.4827,0.0502,-0.0633,0.4827,0.0502,-0.0633,0.8086,0.0502,-0.0633,0.8086,0.0502,0.0633,0.4827,0.0502,0.0633,0.4827,-0.0466,0.0633,0.4827,-0.0466,-0.0633,0.4827,-0.0466,-0.0633,0.4827,0.0502,-0.0633,0.4827,0.0502,0.0633,0.143,-0.0466,0.0633,0.143,0.0502,0.0633,0.4689,0.0502,0.0633,0.4689,0.0502,0.0633,0.4689,-0.0466,0.0633,0.143,-0.0466,0.0633,0.143,-0.0466,-0.0633,0.4689,-0.0466,-0.0633,0.4689,0.0502,-0.0633,0.4689,0.0502,-0.0633,0.143,0.0502,-0.0633,0.143,-0.0466,-0.0633,0.143,-0.0466,0.0633,0.4689,-0.0466,0.0633,0.4689,-0.0466,-0.0633,0.4689,-0.0466,-0.0633,0.143,-0.0466,-0.0633,0.143,-0.0466,0.0633,0.4689,-0.0466,0.0633,0.4689,0.0502,0.0633,0.4689,0.0502,-0.0633,0.4689,0.0502,-0.0633,0.4689,-0.0466,-0.0633,0.4689,-0.0466,0.0633,0.4689,0.0502,0.0633,0.143,0.0502,0.0633,0.143,0.0502,-0.0633,0.143,0.0502,-0.0633,0.4689,0.0502,-0.0633,0.4689,0.0502,0.0633,0.143,0.0502,0.0633,0.143,-0.0466,0.0633,0.143,-0.0466,-0.0633,0.143,-0.0466,-0.0633,0.143,0.0502,-0.0633,0.143,0.0502,0.0633,-0.091,0.0695,0.1138,-0.091,0.2765,0.1138,0.0941,0.2765,0.1138,0.0941,0.2765,0.1138,0.0941,0.0695,0.1138,-0.091,0.0695,0.1138,-0.091,0.0695,-0.1138,0.0941,0.0695,-0.1138,0.0941,0.2765,-0.1138,0.0941,0.2765,-0.1138,-0.091,0.2765,-0.1138,-0.091,0.0695,-0.1138,-0.091,0.0695,0.1138,0.0941,0.0695,0.1138,0.0941,0.0695,-0.1138,0.0941,0.0695,-0.1138,-0.091,0.0695,-0.1138,-0.091,0.0695,0.1138,0.0941,0.0695,0.1138,0.0941,0.2765,0.1138,0.0941,0.2765,-0.1138,0.0941,0.2765,-0.1138,0.0941,0.0695,-0.1138,0.0941,0.0695,0.1138,0.0941,0.2765,0.1138,-0.091,0.2765,0.1138,-0.091,0.2765,-0.1138,-0.091,0.2765,-0.1138,0.0941,0.2765,-0.1138,0.0941,0.2765,0.1138,-0.091,0.2765,0.1138,-0.091,0.0695,0.1138,-0.091,0.0695,-0.1138,-0.091,0.0695,-0.1138,-0.091,0.2765,-0.1138,-0.091,0.2765,0.1138,-0.4689,-0.0466,0.0633,-0.4689,0.0502,0.0633,-0.143,0.0502,0.0633,-0.143,0.0502,0.0633,-0.143,-0.0466,0.0633,-0.4689,-0.0466,0.0633,-0.4689,-0.0466,-0.0633,-0.143,-0.0466,-0.0633,-0.143,0.0502,-0.0633,-0.143,0.0502,-0.0633,-0.4689,0.0502,-0.0633,-0.4689,-0.0466,-0.0633,-0.4689,-0.0466,0.0633,-0.143,-0.0466,0.0633,-0.143,-0.0466,-0.0633,-0.143,-0.0466,-0.0633,-0.4689,-0.0466,-0.0633,-0.4689,-0.0466,0.0633,-0.143,-0.0466,0.0633,-0.143,0.0502,0.0633,-0.143,0.0502,-0.0633,-0.143,0.0502,-0.0633,-0.143,-0.0466,-0.0633,-0.143,-0.0466,0.0633,-0.143,0.0502,0.0633,-0.4689,0.0502,0.0633,-0.4689,0.0502,-0.0633,-0.4689,0.0502,-0.0633,-0.143,0.0502,-0.0633,-0.143,0.0502,0.0633,-0.4689,0.0502,0.0633,-0.4689,-0.0466,0.0633,-0.4689,-0.0466,-0.0633,-0.4689,-0.0466,-0.0633,-0.4689,0.0502,-0.0633,-0.4689,0.0502,0.0633,-0.8086,-0.0466,0.0633,-0.8086,0.0502,0.0633,-0.4827,0.0502,0.0633,-0.4827,0.0502,0.0633,-0.4827,-0.0466,0.0633,-0.8086,-0.0466,0.0633,-0.8086,-0.0466,-0.0633,-0.4827,-0.0466,-0.0633,-0.4827,0.0502,-0.0633,-0.4827,0.0502,-0.0633,-0.8086,0.0502,-0.0633,-0.8086,-0.0466,-0.0633,-0.8086,-0.0466,0.0633,-0.4827,-0.0466,0.0633,-0.4827,-0.0466,-0.0633,-0.4827,-0.0466,-0.0633,-0.8086,-0.0466,-0.0633,-0.8086,-0.0466,0.0633,-0.4827,-0.0466,0.0633,-0.4827,0.0502,0.0633,-0.4827,0.0502,-0.0633,-0.4827,0.0502,-0.0633,-0.4827,-0.0466,-0.0633,-0.4827,-0.0466,0.0633,-0.4827,0.0502,0.0633,-0.8086,0.0502,0.0633,-0.8086,0.0502,-0.0633,-0.8086,0.0502,-0.0633,-0.4827,0.0502,-0.0633,-0.4827,0.0502,0.0633,-0.8086,0.0502,0.0633,-0.8086,-0.0466,0.0633,-0.8086,-0.0466,-0.0633,-0.8086,-0.0466,-0.0633,-0.8086,0.0502,-0.0633,-0.8086,0.0502,0.0633],"normals":[0.0,0.0,1.0,0.0,0.0,1.0,0.0,0.0,1.0,0.0,0.0,1.0,0.0,0.0,1.0,0.0,0.0,1.0,0.0,0.0,-1.0,0.0,0.0,-1.0,0.0,0.0,-1.0,0.0,0.0,-1.0,0.0,0.0,-1.0,0.0,0.0,-1.0,0.0,-1.0,0.0,0.0,-1.0,0.0,0.0,-1.0,0.0,0.0,-1.0,0.0,0.0,-1.0,0.0,0.0,-1.0,0.0,1.0,0.0,0.0,1.0,0.0,0.0,1.0,0.0,0.0,1.0,0.0,0.0,1.0,0.0,0.0,1.0,0.0,0.0,0.0,1.0,0.0,0.0,1.0,0.0,0.0,1.0,0.0,0.0,1.0,0.0,0.0,1.0,0.0,0.0,1.0,0.0,-1.0,0.0,0.0,-1.0,0.0,0.0,-1.0,0.0,0.0,-1.0,0.0,0.0,-1.0,0.0,0.0,-1.0,0.0,0.0,0.0,0.0,1.0,0.0,0.0,1.0,0.0,0.0,1.0,0.0,0.0,1.0,0.0,0.0,1.0,0.0,0.0,1.0,0.0,0.0,-1.0,0.0,0.0,-1.0,0.0,0.0,-1.0,0.0,0.0,-1.0,0.0,0.0,-1.0,0.0,0.0,-1.0,0.0,-1.0,0.0,0.0,-1.0,0.0,0.0,-1.0,0.0,0.0,-1.0,0.0,0.0,-1.0,0.0,0.0,-1.0,0.0,1.0,0.0,0.0,1.0,0.0,0.0,1.0,0.0,0.0,1.0,0.0,0.0,1.0,0.0,0.0,1.0,0.0,0.0,0.0,1.0,0.0,0.0,1.0,0.0,0.0,1.0,0.0,0.0,1.0,0.0,0.0,1.0,0.0,0.0,1.0,0.0,-1.0,0.0,0.0,-1.0,0.0,0.0,-1.0,0.0,0.0,-1.0,0.0,0.0,-1.0,0.0,0.0,-1.0,0.0,0.0,0.0,0.0,1.0,0.0,0.0,1.0,0.0,0.0,1.0,0.0,0.0,1.0,0.0,0.0,1.0,0.0,0.0,1.0,0.0,0.0,-1.0,0.0,0.0,-1.0,0.0,0.0,-1.0,0.0,0.0,-1.0,0.0,0.0,-1.0,0.0,0.0,-1.0,0.0,-1.0,0.0,0.0,-1.0,0.0,0.0,-1.0,0.0,0.0,-1.0,0.0,0.0,-1.0,0.0,0.0,-1.0,0.0,1.0,0.0,0.0,1.0,0.0,0.0,1.0,0.0,0.0,1.0,0.0,0.0,1.0,0.0,0.0,1.0,0.0,0.0,0.0,1.0,0.0,0.0,1.0,0.0,0.0,1.0,0.0,0.0,1.0,0.0,0.0,1.0,0.0,0.0,1.0,0.0,-1.0,0.0,0.0,-1.0,0.0,0.0,-1.0,0.0,0.0,-1.0,0.0,0.0,-1.0,0.0,0.0,-1.0,0.0,0.0,0.0,0.0,1.0,0.0,0.0,1.0,0.0,0.0,1.0,0.0,0.0,1.0,0.0,0.0,1.0,0.0,0.0,1.0,0.0,0.0,-1.0,0.0,0.0,-1.0,0.0,0.0,-1.0,0.0,0.0,-1.0,0.0,0.0,-1.0,0.0,0.0,-1.0,0.0,-1.0,0.0,0.0,-1.0,0.0,0.0,-1.0,0.0,0.0,-1.0,0.0,0.0,-1.0,0.0,0.0,-1.0,0.0,1.0,0.0,0.0,1.0,0.0,0.0,1.0,0.0,0.0,1.0,0.0,0.0,1.0,0.0,0.0,1.0,0.0,0.0,0.0,1.0,0.0,0.0,1.0,0.0,0.0,1.0,0.0,0.0,1.0,0.0,0.0,1.0,0.0,0.0,1.0,0.0,-1.0,0.0,0.0,-1.0,0.0,0.0,-1.0,0.0,0.0,-1.0,0.0,0.0,-1.0,0.0,0.0,-1.0,0.0,0.0,0.0,0.0,1.0,0.0,0.0,1.0,0.0,0.0,1.0,0.0,0.0,1.0,0.0,0.0,1.0,0.0,0.0,1.0,0.0,0.0,-1.0,0.0,0.0,-1.0,0.0,0.0,-1.0,0.0,0.0,-1.0,0.0,0.0,-1.0,0.0,0.0,-1.0,0.0,-1.0,0.0,0.0,-1.0,0.0,0.0,-1.0,0.0,0.0,-1.0,0.0,0.0,-1.0,0.0,0.0,-1.0,0.0,1.0,0.0,0.0,1.0,0.0,0.0,1.0,0.0,0.0,1.0,0.0,0.0,1.0,0.0,0.0,1.0,0.0,0.0,0.0,1.0,0.0,0.0,1.0,0.0,0.0,1.0,0.0,0.0,1.0,0.0,0.0,1.0,0.0,0.0,1.0,0.0,-1.0,0.0,0.0,-1.0,0.0,0.0,-1.0,0.0,0.0,-1.0,0.0,0.0,-1.0,0.0,0.0,-1.0,0.0,0.0,0.0,0.0,1.0,0.0,0.0,1.0,0.0,0.0,1.0,0.0,0.0,1.0,0.0,0.0,1.0,0.0,0.0,1.0,0.0,0.0,-1.0,0.0,0.0,-1.0,0.0,0.0,-1.0,0.0,0.0,-1.0,0.0,0.0,-1.0,0.0,0.0,-1.0,0.0,-1.0,0.0,0.0,-1.0,0.0,0.0,-1.0,0.0,0.0,-1.0,0.0,0.0,-1.0,0.0,0.0,-1.0,0.0,1.0,0.0,0.0,1.0,0.0,0.0,1.0,0.0,0.0,1.0,0.0,0.0,1.0,0.0,0.0,1.0,0.0,0.0,0.0,1.0,0.0,0.0,1.0,0.0,0.0,1.0,0.0,0.0,1.0,0.0,0.0,1.0,0.0,0.0,1.0,0.0,-1.0,0.0,0.0,-1.0,0.0,0.0,-1.0,0.0,0.0,-1.0,0.0,0.0,-1.0,0.0,0.0,-1.0,0.0,0.0],"tangents":null,"uvs":[1.0,0.0,1.0,1.0,0.0,1.0,0.0,1.0,0.0,0.0,1.0,0.0,0.0,0.0,1.0,0.0,1.0,1.0,1.0,1.0,0.0,1.0,0.0,0.0,0.0,0.0,1.0,0.0,1.0,1.0,1.0,1.0,0.0,1.0,0.0,0.0,0.0,0.0,1.0,0.0,1.0,1.0,1.0,1.0,0.0,1.0,0.0,0.0,0.0,0.0,1.0,0.0,1.0,1.0,1.0,1.0,0.0,1.0,0.0,0.0,0.0,0.0,1.0,0.0,1.0,1.0,1.0,1.0,0.0,1.0,0.0,0.0,1.0,0.0,1.0,1.0,0.0,1.0,0.0,1.0,0.0,0.0,1.0,0.0,0.0,0.0,1.0,0.0,1.0,1.0,1.0,1.0,0.0,1.0,0.0,0.0,0.0,0.0,1.0,0.0,1.0,1.0,1.0,1.0,0.0,1.0,0.0,0.0,0.0,0.0,1.0,0.0,1.0,1.0,1.0,1.0,0.0,1.0,0.0,0.0,0.0,0.0,1.0,0.0,1.0,1.0,1.0,1.0,0.0,1.0,0.0,0.0,0.0,0.0,1.0,0.0,1.0,1.0,1.0,1.0,0.0,1.0,0.0,0.0,1.0,0.0,1.0,1.0,0.0,1.0,0.0,1.0,0.0,0.0,1.0,0.0,0.0,0.0,1.0,0.0,1.0,1.0,1.0,1.0,0.0,1.0,0.0,0.0,0.0,0.0,1.0,0.0,1.0,1.0,1.0,1.0,0.0,1.0,0.0,0.0,0.0,0.0,1.0,0.0,1.0,1.0,1.0,1.0,0.0,1.0,0.0,0.0,0.0,0.0,1.0,0.0,1.0,1.0,1.0,1.0,0.0,1.0,0.0,0.0,0.0,0.0,1.0,0.0,1.0,1.0,1.0,1.0,0.0,1.0,0.0,0.0,1.0,0.0,1.0,1.0,0.0,1.0,0.0,1.0,0.0,0.0,1.0,0.0,0.0,0.0,1.0,0.0,1.0,1.0,1.0,1.0,0.0,1.0,0.0,0.0,0.0,0.0,1.0,0.0,1.0,1.0,1.0,1.0,0.0,1.0,0.0,0.0,0.0,0.0,1.0,0.0,1.0,1.0,1.0,1.0,0.0,1.0,0.0,0.0,0.0,0.0,1.0,0.0,1.0,1.0,1.0,1.0,0.0,1.0,0.0,0.0,0.0,0.0,1.0,0.0,1.0,1.0,1.0,1.0,0.0,1.0,0.0,0.0,1.0,0.0,1.0,1.0,0.0,1.0,0.0,1.0,0.0,0.0,1.0,0.0,0.0,0.0,1.0,0.0,1.0,1.0,1.0,1.0,0.0,1.0,0.0,0.0,0.0,0.0,1.0,0.0,1.0,1.0,1.0,1.0,0.0,1.0,0.0,0.0,0.0,0.0,1.0,0.0,1.0,1.0,1.0,1.0,0.0,1.0,0.0,0.0,0.0,0.0,1.0,0.0,1.0,1.0,1.0,1.0,0.0,1.0,0.0,0.0,0.0,0.0,1.0,0.0,1.0,1.0,1.0,1.0,0.0,1.0,0.0,0.0,1.0,0.0,1.0,1.0,0.0,1.0,0.0,1.0,0.0,0.0,1.0,0.0,0.0,0.0,1.0,0.0,1.0,1.0,1.0,1.0,0.0,1.0,0.0,0.0,0.0,0.0,1.0,0.0,1.0,1.0,1.0,1.0,0.0,1.0,0.0,0.0,0.0,0.0,1.0,0.0,1.0,1.0,1.0,1.0,0.0,1.0,0.0,0.0,0.0,0.0,1.0,0.0,1.0,1.0,1.0,1.0,0.0,1.0,0.0,0.0,0.0,0.0,1.0,0.0,1.0,1.0,1.0,1.0,0.0,1.0,0.0,0.0],"uvs2":null,"colors":[0.0,0.0,0.0,1.0,0.0,0.0,0.0,1.0,0.0,0.0,0.0,1.0,0.0,0.0,0.0,1.0,0.0,0.0,0.0,1.0,0.0,0.0,0.0,1.0,0.0,0.0,0.0,1.0,0.0,0.0,0.0,1.0,0.0,0.0,0.0,1.0,0.0,0.0,0.0,1.0,0.0,0.0,0.0,1.0,0.0,0.0,0.0,1.0,0.0,0.0,0.0,1.0,0.0,0.0,0.0,1.0,0.0,0.0,0.0,1.0,0.0,0.0,0.0,1.0,0.0,0.0,0.0,1.0,0.0,0.0,0.0,1.0,0.0,0.0,0.0,1.0,0.0,0.0,0.0,1.0,0.0,0.0,0.0,1.0,0.0,0.0,0.0,1.0,0.0,0.0,0.0,1.0,0.0,0.0,0.0,1.0,0.0,0.0,0.0,1.0,0.0,0.0,0.0,1.0,0.0,0.0,0.0,1.0,0.0,0.0,0.0,1.0,0.0,0.0,0.0,1.0,0.0,0.0,0.0,1.0,0.0,0.0,0.0,1.0,0.0,0.0,0.0,1.0,0.0,0.0,0.0,1.0,0.0,0.0,0.0,1.0,0.0,0.0,0.0,1.0,0.0,0.0,0.0,1.0,1.0,0.0,0.0,1.0,1.0,0.0,0.0,1.0,1.0,0.0,0.0,1.0,1.0,0.0,0.0,1.0,1.0,0.0,0.0,1.0,1.0,0.0,0.0,1.0,1.0,0.0,0.0,1.0,1.0,0.0,0.0,1.0,1.0,0.0,0.0,1.0,1.0,0.0,0.0,1.0,1.0,0.0,0.0,1.0,1.0,0.0,0.0,1.0,1.0,0.0,0.0,1.0,1.0,0.0,0.0,1.0,1.0,0.0,0.0,1.0,1.0,0.0,0.0,1.0,1.0,0.0,0.0,1.0,1.0,0.0,0.0,1.0,1.0,0.0,0.0,1.0,1.0,0.0,0.0,1.0,1.0,0.0,0.0,1.0,1.0,0.0,0.0,1.0,1.0,0.0,0.0,1.0,1.0,0.0,0.0,1.0,1.0,0.0,0.0,1.0,1.0,0.0,0.0,1.0,1.0,0.0,0.0,1.0,1.0,0.0,0.0,1.0,1.0,0.0,0.0,1.0,1.0,0.0,0.0,1.0,1.0,0.0,0.0,1.0,1.0,0.0,0.0,1.0,1.0,0.0,0.0,1.0,1.0,0.0,0.0,1.0,1.0,0.0,0.0,1.0,1.0,0.0,0.0,1.0,1.0,0.0,0.0,1.0,1.0,0.0,0.0,1.0,1.0,0.0,0.0,1.0,1.0,0.0,0.0,1.0,1.0,0.0,0.0,1.0,1.0,0.0,0.0,1.0,1.0,0.0,0.0,1.0,1.0,0.0,0.0,1.0,1.0,0.0,0.0,1.0,1.0,0.0,0.0,1.0,1.0,0.0,0.0,1.0,1.0,0.0,0.0,1.0,1.0,0.0,0.0,1.0,1.0,0.0,0.0,1.0,1.0,0.0,0.0,1.0,1.0,0.0,0.0,1.0,1.0,0.0,0.0,1.0,1.0,0.0,0.0,1.0,1.0,0.0,0.0,1.0,1.0,0.0,0.0,1.0,1.0,0.0,0.0,1.0,1.0,0.0,0.0,1.0,1.0,0.0,0.0,1.0,1.0,0.0,0.0,1.0,1.0,0.0,0.0,1.0,1.0,0.0,0.0,1.0,1.0,0.0,0.0,1.0,1.0,0.0,0.0,1.0,1.0,0.0,0.0,1.0,1.0,0.0,0.0,1.0,1.0,0.0,0.0,1.0,1.0,0.0,0.0,1.0,1.0,0.0,0.0,1.0,1.0,0.0,0.0,1.0,1.0,0.0,0.0,1.0,1.0,0.0,0.0,1.0,1.0,0.0,0.0,1.0,1.0,0.0,0.0,1.0,1.0,0.0,0.0,1.0,1.0,0.0,0.0,1.0,1.0,0.0,0.0,1.0,1.0,0.0,0.0,1.0,1.0,0.0,0.0,1.0,1.0,0.0,0.0,1.0,1.0,0.0,0.0,1.0,1.0,0.0,0.0,1.0,1.0,0.0,0.0,1.0,1.0,0.0,0.0,1.0,1.0,0.0,0.0,1.0,1.0,0.0,0.0,1.0,1.0,0.0,0.0,1.0,1.0,0.0,0.0,1.0,1.0,0.0,0.0,1.0,1.0,0.0,0.0,1.0,1.0,0.0,0.0,1.0,1.0,0.0,0.0,1.0,1.0,0.0,0.0,1.0,1.0,0.0,0.0,1.0,1.0,0.0,0.0,1.0,1.0,0.0,0.0,1.0,1.0,0.0,0.0,1.0,1.0,0.0,0.0,1.0,1.0,0.0,0.0,1.0,1.0,0.0,0.0,1.0,1.0,0.0,0.0,1.0,1.0,0.0,0.0,1.0,1.0,0.0,0.0,1.0,1.0,0.0,0.0,1.0,1.0,0.0,0.0,1.0,1.0,0.0,0.0,1.0,1.0,0.0,0.0,1.0,1.0,0.0,0.0,1.0,1.0,0.0,0.0,1.0,1.0,0.0,0.0,1.0,1.0,0.0,0.0,1.0,1.0,0.0,0.0,1.0,1.0,0.0,0.0,1.0,1.0,0.0,0.0,1.0,1.0,0.0,0.0,1.0,1.0,0.0,0.0,1.0,1.0,0.0,0.0,1.0,1.0,0.0,0.0,1.0,1.0,0.0,0.0,1.0,1.0,0.0,0.0,1.0,1.0,0.0,0.0,1.0,1.0,0.0,0.0,1.0,1.0,0.0,0.0,1.0,1.0,0.0,0.0,1.0,1.0,0.0,0.0,1.0,1.0,0.0,0.0,1.0,1.0,0.0,0.0,1.0,1.0,0.0,0.0,1.0,1.0,0.0,0.0,1.0,1.0,0.0,0.0,1.0,1.0,0.0,0.0,1.0,1.0,0.0,0.0,1.0,1.0,0.0,0.0,1.0,1.0,0.0,0.0,1.0,1.0,0.0,0.0,1.0,1.0,0.0,0.0,1.0,1.0,0.0,0.0,1.0,1.0,0.0,0.0,1.0,1.0,0.0,0.0,1.0,1.0,0.0,0.0,1.0,1.0,0.0,0.0,1.0,1.0,0.0,0.0,1.0,1.0,0.0,0.0,1.0,1.0,0.0,0.0,1.0,1.0,0.0,0.0,1.0,1.0,0.0,0.0,1.0,1.0,0.0,0.0,1.0,1.0,0.0,0.0,1.0,1.0,0.0,0.0,1.0,1.0,0.0,0.0,1.0,1.0,0.0,0.0,1.0,1.0,0.0,0.0,1.0,1.0,0.0,0.0,1.0,1.0,0.0,0.0,1.0,1.0,0.0,0.0,1.0,1.0,0.0,0.0,1.0,1.0,0.0,0.0,1.0,1.0,0.0,0.0,1.0,1.0,0.0,0.0,1.0,1.0,0.0,0.0,1.0,1.0,0.0,0.0,1.0,1.0,0.0,0.0,1.0,1.0,0.0,0.0,1.0,1.0,0.0,0.0,1.0,1.0,0.0,0.0,1.0,1.0,0.0,0.0,1.0,1.0,0.0,0.0,1.0,1.0,0.0,0.0,1.0,1.0,0.0,0.0,1.0,1.0,0.0,0.0,1.0,1.0,0.0,0.0,1.0,1.0,0.0,0.0,1.0,1.0,0.0,0.0,1.0,1.0,0.0,0.0,1.0,1.0,0.0,0.0,1.0,1.0,0.0,0.0,1.0,1.0,0.0,0.0,1.0,1.0,0.0,0.0,1.0,1.0,0.0,0.0,1.0,1.0,0.0,0.0,1.0],"hasVertexAlpha":false,"matricesIndices":[0,0,0,0,0,0,0,0,0,0,0,0,0,0,0,0,0,0,0,0,0,0,0,0,0,0,0,0,0,0,0,0,0,0,0,0,3,3,3,3,3,3,3,3,3,3,3,3,3,3,3,3,3,3,3,3,3,3,3,3,3,3,3,3,3,3,3,3,3,3,3,3,2,2,2,2,2,2,2,2,2,2,2,2,2,2,2,2,2,2,2,2,2,2,2,2,2,2,2,2,2,2,2,2,2,2,2,2,1,1,1,1,1,1,1,1,1,1,1,1,1,1,1,1,1,1,1,1,1,1,1,1,1,1,1,1,1,1,1,1,1,1,1,1,4,4,4,4,4,4,4,4,4,4,4,4,4,4,4,4,4,4,4,4,4,4,4,4,4,4,4,4,4,4,4,4,4,4,4,4,5,5,5,5,5,5,5,5,5,5,5,5,5,5,5,5,5,5,5,5,5,5,5,5,5,5,5,5,5,5,5,5,5,5,5,5],"matricesWeights":[1.0,0.0,0.0,0.0,1.0,0.0,0.0,0.0,1.0,0.0,0.0,0.0,1.0,0.0,0.0,0.0,1.0,0.0,0.0,0.0,1.0,0.0,0.0,0.0,1.0,0.0,0.0,0.0,1.0,0.0,0.0,0.0,1.0,0.0,0.0,0.0,1.0,0.0,0.0,0.0,1.0,0.0,0.0,0.0,1.0,0.0,0.0,0.0,1.0,0.0,0.0,0.0,1.0,0.0,0.0,0.0,1.0,0.0,0.0,0.0,1.0,0.0,0.0,0.0,1.0,0.0,0.0,0.0,1.0,0.0,0.0,0.0,1.0,0.0,0.0,0.0,1.0,0.0,0.0,0.0,1.0,0.0,0.0,0.0,1.0,0.0,0.0,0.0,1.0,0.0,0.0,0.0,1.0,0.0,0.0,0.0,1.0,0.0,0.0,0.0,1.0,0.0,0.0,0.0,1.0,0.0,0.0,0.0,1.0,0.0,0.0,0.0,1.0,0.0,0.0,0.0,1.0,0.0,0.0,0.0,1.0,0.0,0.0,0.0,1.0,0.0,0.0,0.0,1.0,0.0,0.0,0.0,1.0,0.0,0.0,0.0,1.0,0.0,0.0,0.0,1.0,0.0,0.0,0.0,1.0,0.0,0.0,0.0,1.0,0.0,0.0,0.0,1.0,0.0,0.0,0.0,1.0,0.0,0.0,0.0,1.0,0.0,0.0,0.0,1.0,0.0,0.0,0.0,1.0,0.0,0.0,0.0,1.0,0.0,0.0,0.0,1.0,0.0,0.0,0.0,1.0,0.0,0.0,0.0,1.0,0.0,0.0,0.0,1.0,0.0,0.0,0.0,1.0,0.0,0.0,0.0,1.0,0.0,0.0,0.0,1.0,0.0,0.0,0.0,1.0,0.0,0.0,0.0,1.0,0.0,0.0,0.0,1.0,0.0,0.0,0.0,1.0,0.0,0.0,0.0,1.0,0.0,0.0,0.0,1.0,0.0,0.0,0.0,1.0,0.0,0.0,0.0,1.0,0.0,0.0,0.0,1.0,0.0,0.0,0.0,1.0,0.0,0.0,0.0,1.0,0.0,0.0,0.0,1.0,0.0,0.0,0.0,1.0,0.0,0.0,0.0,1.0,0.0,0.0,0.0,1.0,0.0,0.0,0.0,1.0,0.0,0.0,0.0,1.0,0.0,0.0,0.0,1.0,0.0,0.0,0.0,1.0,0.0,0.0,0.0,1.0,0.0,0.0,0.0,1.0,0.0,0.0,0.0,1.0,0.0,0.0,0.0,1.0,0.0,0.0,0.0,1.0,0.0,0.0,0.0,1.0,0.0,0.0,0.0,1.0,0.0,0.0,0.0,1.0,0.0,0.0,0.0,1.0,0.0,0.0,0.0,1.0,0.0,0.0,0.0,1.0,0.0,0.0,0.0,1.0,0.0,0.0,0.0,1.0,0.0,0.0,0.0,1.0,0.0,0.0,0.0,1.0,0.0,0.0,0.0,1.0,0.0,0.0,0.0,1.0,0.0,0.0,0.0,1.0,0.0,0.0,0.0,1.0,0.0,0.0,0.0,1.0,0.0,0.0,0.0,1.0,0.0,0.0,0.0,1.0,0.0,0.0,0.0,1.0,0.0,0.0,0.0,1.0,0.0,0.0,0.0,1.0,0.0,0.0,0.0,1.0,0.0,0.0,0.0,1.0,0.0,0.0,0.0,1.0,0.0,0.0,0.0,1.0,0.0,0.0,0.0,1.0,0.0,0.0,0.0,1.0,0.0,0.0,0.0,1.0,0.0,0.0,0.0,1.0,0.0,0.0,0.0,1.0,0.0,0.0,0.0,1.0,0.0,0.0,0.0,1.0,0.0,0.0,0.0,1.0,0.0,0.0,0.0,1.0,0.0,0.0,0.0,1.0,0.0,0.0,0.0,1.0,0.0,0.0,0.0,1.0,0.0,0.0,0.0,1.0,0.0,0.0,0.0,1.0,0.0,0.0,0.0,1.0,0.0,0.0,0.0,1.0,0.0,0.0,0.0,1.0,0.0,0.0,0.0,1.0,0.0,0.0,0.0,1.0,0.0,0.0,0.0,1.0,0.0,0.0,0.0,1.0,0.0,0.0,0.0,1.0,0.0,0.0,0.0,1.0,0.0,0.0,0.0,1.0,0.0,0.0,0.0,1.0,0.0,0.0,0.0,1.0,0.0,0.0,0.0,1.0,0.0,0.0,0.0,1.0,0.0,0.0,0.0,1.0,0.0,0.0,0.0,1.0,0.0,0.0,0.0,1.0,0.0,0.0,0.0,1.0,0.0,0.0,0.0,1.0,0.0,0.0,0.0,1.0,0.0,0.0,0.0,1.0,0.0,0.0,0.0,1.0,0.0,0.0,0.0,1.0,0.0,0.0,0.0,1.0,0.0,0.0,0.0,1.0,0.0,0.0,0.0,1.0,0.0,0.0,0.0,1.0,0.0,0.0,0.0,1.0,0.0,0.0,0.0,1.0,0.0,0.0,0.0,1.0,0.0,0.0,0.0,1.0,0.0,0.0,0.0,1.0,0.0,0.0,0.0,1.0,0.0,0.0,0.0,1.0,0.0,0.0,0.0,1.0,0.0,0.0,0.0,1.0,0.0,0.0,0.0,1.0,0.0,0.0,0.0,1.0,0.0,0.0,0.0,1.0,0.0,0.0,0.0,1.0,0.0,0.0,0.0,1.0,0.0,0.0,0.0,1.0,0.0,0.0,0.0,1.0,0.0,0.0,0.0,1.0,0.0,0.0,0.0,1.0,0.0,0.0,0.0,1.0,0.0,0.0,0.0,1.0,0.0,0.0,0.0,1.0,0.0,0.0,0.0,1.0,0.0,0.0,0.0,1.0,0.0,0.0,0.0,1.0,0.0,0.0,0.0,1.0,0.0,0.0,0.0,1.0,0.0,0.0,0.0,1.0,0.0,0.0,0.0,1.0,0.0,0.0,0.0,1.0,0.0,0.0,0.0,1.0,0.0,0.0,0.0,1.0,0.0,0.0,0.0,1.0,0.0,0.0,0.0,1.0,0.0,0.0,0.0,1.0,0.0,0.0,0.0,1.0,0.0,0.0,0.0,1.0,0.0,0.0,0.0,1.0,0.0,0.0,0.0,1.0,0.0,0.0,0.0,1.0,0.0,0.0,0.0,1.0,0.0,0.0,0.0,1.0,0.0,0.0,0.0,1.0,0.0,0.0,0.0,1.0,0.0,0.0,0.0,1.0,0.0,0.0,0.0,1.0,0.0,0.0,0.0,1.0,0.0,0.0,0.0,1.0,0.0,0.0,0.0,1.0,0.0,0.0,0.0,1.0,0.0,0.0,0.0,1.0,0.0,0.0,0.0,1.0,0.0,0.0,0.0,1.0,0.0,0.0,0.0,1.0,0.0,0.0,0.0,1.0,0.0,0.0,0.0,1.0,0.0,0.0,0.0,1.0,0.0,0.0,0.0,1.0,0.0,0.0,0.0,1.0,0.0,0.0,0.0,1.0,0.0,0.0,0.0,1.0,0.0,0.0,0.0,1.0,0.0,0.0,0.0,1.0,0.0,0.0,0.0,1.0,0.0,0.0,0.0,1.0,0.0,0.0,0.0,1.0,0.0,0.0,0.0,1.0,0.0,0.0,0.0,1.0,0.0,0.0,0.0,1.0,0.0,0.0,0.0,1.0,0.0,0.0,0.0,1.0,0.0,0.0,0.0,1.0,0.0,0.0,0.0,1.0,0.0,0.0,0.0,1.0,0.0,0.0,0.0,1.0,0.0,0.0,0.0,1.0,0.0,0.0,0.0,1.0,0.0,0.0,0.0],"matricesIndicesExtra":null,"matricesWeightsExtra":null,"indices":[0,1,2,3,4,5,6,7,8,9,10,11,12,13,14,15,16,17,18,19,20,21,22,23,24,25,26,27,28,29,30,31,32,33,34,35,36,37,38,39,40,41,42,43,44,45,46,47,48,49,50,51,52,53,54,55,56,57,58,59,60,61,62,63,64,65,66,67,68,69,70,71,72,73,74,75,76,77,78,79,80,81,82,83,84,85,86,87,88,89,90,91,92,93,94,95,96,97,98,99,100,101,102,103,104,105,106,107,108,109,110,111,112,113,114,115,116,117,118,119,120,121,122,123,124,125,126,127,128,129,130,131,132,133,134,135,136,137,138,139,140,141,142,143,144,145,146,147,148,149,150,151,152,153,154,155,156,157,158,159,160,161,162,163,164,165,166,167,168,169,170,171,172,173,174,175,176,177,178,179,180,181,182,183,184,185,186,187,188,189,190,191,192,193,194,195,196,197,198,199,200,201,202,203,204,205,206,207,208,209,210,211,212,213,214,215],"receiveShadows":true,"infiniteDistance":false,"billboardMode":0,"visibility":1.0,"subMeshes":[{"materialIndex":0,"verticesStart":0,"verticesCount":216,"indexStart":0,"indexCount":216}],"instances":null,"skeletonId":0,"numBoneInfluencers":2,"applyFog":true,"lodMeshIds":null,"lodDistances":null,"lodCoverages":null,"rotation":null,"scaling":[1.0,1.0,1.0],"rotationQuaternion":[0.0,0.0,0.0,1.0],"actions":null,"checkCollisions":false,"pickable":false,"showBoundingBox":false,"showSubMeshesBoundingBox":false,"alphaIndex":1000,"physicsImpostor":0,"physicsMass":0.0,"physicsFriction":0.0,"physicsRestitution":0.0,"name":"Box001","id":"0ca32cce-ad10-4aa6-b604-1829f9da11d0","parentId":null,"position":[0.0,0.2618,0.0],"animations":[],"autoAnimate":true,"autoAnimateFrom":0,"autoAnimateTo":100,"autoAnimateLoop":true,"metadata":null}],"sounds":[],"materials":[],"multiMaterials":[],"particleSystems":null,"lensFlareSystems":null,"shadowGenerators":[],"skeletons":[{"id":0,"name":"skeleton #0","bones":[{"id":"cf5cdf05-7750-4898-a4e9-342d8f98adf6-bone","name":"Bone001","index":0,"parentBoneIndex":-1,"matrix":[-0.0024,1.0,0.0,0.0,0.0,0.0,-1.0,0.0,-1.0,-0.0024,0.0,0.0,-0.0005,-0.5408,0.0,1.0],"animation":null,"linkedTransformNodeId":null},{"id":"390097e2-58a2-4342-980e-79ad3ce02a99-bone","name":"Bone002","index":1,"parentBoneIndex":0,"matrix":[1.0,0.0,-0.0024,0.0,0.0,1.0,0.0,0.0,0.0024,0.0,1.0,0.0,0.7981,0.0,0.0,1.0],"animation":{"name":"Bone002Animation","property":"_matrix","dataType":3,"enableBlending":false,"blendingSpeed":0.01,"loopBehavior":1,"framePerSecond":30,"keys":[{"frame":0.0,"values":[1.0,0.0,-0.0024,0.0,0.0,1.0,0.0,0.0,0.0024,0.0,1.0,0.0,0.7981,0.0,0.0,1.0]},{"frame":11.0,"values":[1.0,0.0,-0.0024,0.0,0.0,1.0,-0.0007,0.0,0.0024,0.0007,1.0,0.0,0.7981,0.0,0.0,1.0]},{"frame":12.0,"values":[1.0,0.0,-0.0024,0.0,0.0,1.0,-0.0025,0.0,0.0024,0.0025,1.0,0.0,0.7981,0.0,0.0,1.0]},{"frame":13.0,"values":[1.0,0.0,-0.0024,0.0,0.0,1.0,-0.0053,0.0,0.0024,0.0053,1.0,0.0,0.7981,0.0,0.0,1.0]},{"frame":14.0,"values":[1.0,0.0,-0.0024,0.0,0.0,1.0,-0.0091,0.0,0.0024,0.0091,1.0,0.0,0.7981,0.0,0.0,1.0]},{"frame":15.0,"values":[1.0,0.0,-0.0024,0.0,0.0,0.9999,-0.0137,0.0,0.0024,0.0137,0.9999,0.0,0.7981,0.0,0.0,1.0]},{"frame":16.0,"values":[1.0,0.0,-0.0024,0.0,0.0,0.9998,-0.0189,0.0,0.0024,0.0189,0.9998,0.0,0.7981,0.0,0.0,1.0]},{"frame":17.0,"values":[1.0,0.0,-0.0024,0.0,-0.0001,0.9997,-0.0246,0.0,0.0024,0.0246,0.9997,0.0,0.7981,0.0,0.0,1.0]},{"frame":18.0,"values":[1.0,0.0,-0.0024,0.0,-0.0001,0.9995,-0.0307,0.0,0.0024,0.0307,0.9995,0.0,0.7981,0.0,0.0,1.0]},{"frame":19.0,"values":[1.0,0.0,-0.0024,0.0,-0.0001,0.9993,-0.0371,0.0,0.0024,0.0371,0.9993,0.0,0.7981,0.0,0.0,1.0]},{"frame":20.0,"values":[1.0,0.0,-0.0024,0.0,-0.0001,0.999,-0.0436,0.0,0.0024,0.0436,0.999,0.0,0.7981,0.0,0.0,1.0]},{"frame":21.0,"values":[1.0,0.0,-0.0024,0.0,-0.0001,0.9987,-0.0502,0.0,0.0024,0.0502,0.9987,0.0,0.7981,0.0,0.0,1.0]},{"frame":22.0,"values":[1.0,0.0,-0.0024,0.0,-0.0001,0.9984,-0.0565,0.0,0.0024,0.0565,0.9984,0.0,0.7981,0.0,0.0,1.0]},{"frame":23.0,"values":[1.0,0.0,-0.0024,0.0,-0.0001,0.998,-0.0627,0.0,0.0024,0.0627,0.998,0.0,0.7981,0.0,0.0,1.0]},{"frame":24.0,"values":[1.0,0.0,-0.0024,0.0,-0.0002,0.9977,-0.0684,0.0,0.0024,0.0684,0.9977,0.0,0.7981,0.0,0.0,1.0]},{"frame":25.0,"values":[1.0,0.0,-0.0024,0.0,-0.0002,0.9973,-0.0736,0.0,0.0024,0.0736,0.9973,0.0,0.7981,0.0,0.0,1.0]},{"frame":26.0,"values":[1.0,0.0,-0.0024,0.0,-0.0002,0.9969,-0.0781,0.0,0.0024,0.0781,0.9969,0.0,0.7981,0.0,0.0,1.0]},{"frame":27.0,"values":[1.0,0.0,-0.0024,0.0,-0.0002,0.9966,-0.0819,0.0,0.0024,0.0819,0.9966,0.0,0.7981,0.0,0.0,1.0]},{"frame":28.0,"values":[1.0,0.0,-0.0024,0.0,-0.0002,0.9964,-0.0847,0.0,0.0024,0.0847,0.9964,0.0,0.7981,0.0,0.0,1.0]},{"frame":29.0,"values":[1.0,0.0,-0.0024,0.0,-0.0002,0.9962,-0.0865,0.0,0.0024,0.0866,0.9962,0.0,0.7981,0.0,0.0,1.0]},{"frame":31.0,"values":[1.0,0.0,-0.0024,0.0,-0.0002,0.9963,-0.0863,0.0,0.0024,0.0863,0.9963,0.0,0.7981,0.0,0.0,1.0]},{"frame":32.0,"values":[1.0,0.0,-0.0024,0.0,-0.0002,0.9965,-0.0839,0.0,0.0024,0.0839,0.9965,0.0,0.7981,0.0,0.0,1.0]},{"frame":33.0,"values":[1.0,0.0,-0.0024,0.0,-0.0002,0.9968,-0.0799,0.0,0.0024,0.0799,0.9968,0.0,0.7981,0.0,0.0,1.0]},{"frame":34.0,"values":[1.0,0.0,-0.0024,0.0,-0.0002,0.9972,-0.0745,0.0,0.0024,0.0745,0.9972,0.0,0.7981,0.0,0.0,1.0]},{"frame":35.0,"values":[1.0,0.0,-0.0024,0.0,-0.0002,0.9977,-0.0678,0.0,0.0024,0.0678,0.9977,0.0,0.7981,0.0,0.0,1.0]},{"frame":36.0,"values":[1.0,0.0,-0.0024,0.0,-0.0001,0.9982,-0.06,0.0,0.0024,0.06,0.9982,0.0,0.7981,0.0,0.0,1.0]},{"frame":37.0,"values":[1.0,0.0,-0.0024,0.0,-0.0001,0.9987,-0.0512,0.0,0.0024,0.0512,0.9987,0.0,0.7981,0.0,0.0,1.0]},{"frame":38.0,"values":[1.0,0.0,-0.0024,0.0,-0.0001,0.9991,-0.0414,0.0,0.0024,0.0414,0.9991,0.0,0.7981,0.0,0.0,1.0]},{"frame":39.0,"values":[1.0,0.0,-0.0024,0.0,-0.0001,0.9995,-0.0307,0.0,0.0024,0.0307,0.9995,0.0,0.7981,0.0,0.0,1.0]},{"frame":40.0,"values":[1.0,0.0,-0.0024,0.0,0.0,0.9998,-0.0194,0.0,0.0024,0.0194,0.9998,0.0,0.7981,0.0,0.0,1.0]},{"frame":41.0,"values":[1.0,0.0,-0.0024,0.0,0.0,1.0,-0.0075,0.0,0.0024,0.0075,1.0,0.0,0.7981,0.0,0.0,1.0]},{"frame":42.0,"values":[1.0,0.0,-0.0024,0.0,0.0,1.0,0.0049,0.0,0.0024,-0.0049,1.0,0.0,0.7981,0.0,0.0,1.0]},{"frame":43.0,"values":[1.0,0.0,-0.0024,0.0,0.0,0.9998,0.0176,0.0,0.0024,-0.0176,0.9998,0.0,0.7981,0.0,0.0,1.0]},{"frame":44.0,"values":[1.0,0.0,-0.0024,0.0,0.0001,0.9995,0.0305,0.0,0.0024,-0.0305,0.9995,0.0,0.7981,0.0,0.0,1.0]},{"frame":45.0,"values":[1.0,0.0,-0.0024,0.0,0.0001,0.999,0.0436,0.0,0.0024,-0.0436,0.999,0.0,0.7981,0.0,0.0,1.0]},{"frame":46.0,"values":[1.0,0.0,-0.0024,0.0,0.0001,0.9984,0.0566,0.0,0.0024,-0.0566,0.9984,0.0,0.7981,0.0,0.0,1.0]},{"frame":47.0,"values":[1.0,0.0,-0.0024,0.0,0.0002,0.9976,0.0696,0.0,0.0024,-0.0696,0.9976,0.0,0.7981,0.0,0.0,1.0]},{"frame":48.0,"values":[1.0,0.0,-0.0024,0.0,0.0002,0.9966,0.0823,0.0,0.0024,-0.0823,0.9966,0.0,0.7981,0.0,0.0,1.0]},{"frame":49.0,"values":[1.0,0.0,-0.0024,0.0,0.0002,0.9955,0.0946,0.0,0.0024,-0.0946,0.9955,0.0,0.7981,0.0,0.0,1.0]},{"frame":50.0,"values":[1.0,0.0,-0.0024,0.0,0.0003,0.9943,0.1064,0.0,0.0024,-0.1064,0.9943,0.0,0.7981,0.0,0.0,1.0]},{"frame":51.0,"values":[1.0,0.0,-0.0024,0.0,0.0003,0.9931,0.1177,0.0,0.0024,-0.1177,0.993,0.0,0.7981,0.0,0.0,1.0]},{"frame":52.0,"values":[1.0,0.0,-0.0024,0.0,0.0003,0.9917,0.1282,0.0,0.0024,-0.1282,0.9917,0.0,0.7981,0.0,0.0,1.0]},{"frame":53.0,"values":[1.0,0.0,-0.0024,0.0,0.0003,0.9904,0.138,0.0,0.0024,-0.138,0.9904,0.0,0.7981,0.0,0.0,1.0]},{"frame":54.0,"values":[1.0,0.0,-0.0024,0.0,0.0003,0.9892,0.1467,0.0,0.0023,-0.1467,0.9892,0.0,0.7981,0.0,0.0,1.0]},{"frame":55.0,"values":[1.0,0.0,-0.0024,0.0,0.0004,0.988,0.1545,0.0,0.0023,-0.1545,0.988,0.0,0.7981,0.0,0.0,1.0]},{"frame":56.0,"values":[1.0,0.0,-0.0024,0.0,0.0004,0.9869,0.1611,0.0,0.0023,-0.1611,0.9869,0.0,0.7981,0.0,0.0,1.0]},{"frame":57.0,"values":[1.0,0.0,-0.0024,0.0,0.0004,0.9861,0.1664,0.0,0.0023,-0.1664,0.9861,0.0,0.7981,0.0,0.0,1.0]},{"frame":58.0,"values":[1.0,0.0,-0.0024,0.0,0.0004,0.9854,0.1703,0.0,0.0023,-0.1703,0.9854,0.0,0.7981,0.0,0.0,1.0]},{"frame":59.0,"values":[1.0,0.0,-0.0024,0.0,0.0004,0.985,0.1728,0.0,0.0023,-0.1728,0.985,0.0,0.7981,0.0,0.0,1.0]},{"frame":61.0,"values":[1.0,0.0,-0.0024,0.0,0.0004,0.9849,0.1731,0.0,0.0023,-0.1731,0.9849,0.0,0.7981,0.0,0.0,1.0]},{"frame":62.0,"values":[1.0,0.0,-0.0024,0.0,0.0004,0.9852,0.1714,0.0,0.0023,-0.1714,0.9852,0.0,0.7981,0.0,0.0,1.0]},{"frame":63.0,"values":[1.0,0.0,-0.0024,0.0,0.0004,0.9856,0.1688,0.0,0.0023,-0.1688,0.9856,0.0,0.7981,0.0,0.0,1.0]},{"frame":64.0,"values":[1.0,0.0,-0.0024,0.0,0.0004,0.9862,0.1653,0.0,0.0023,-0.1653,0.9862,0.0,0.7981,0.0,0.0,1.0]},{"frame":65.0,"values":[1.0,0.0,-0.0024,0.0,0.0004,0.987,0.1609,0.0,0.0023,-0.1609,0.987,0.0,0.7981,0.0,0.0,1.0]},{"frame":66.0,"values":[1.0,0.0,-0.0024,0.0,0.0004,0.9878,0.1557,0.0,0.0023,-0.1557,0.9878,0.0,0.7981,0.0,0.0,1.0]},{"frame":67.0,"values":[1.0,0.0,-0.0024,0.0,0.0004,0.9887,0.1499,0.0,0.0023,-0.1499,0.9887,0.0,0.7981,0.0,0.0,1.0]},{"frame":68.0,"values":[1.0,0.0,-0.0024,0.0,0.0003,0.9897,0.1434,0.0,0.0024,-0.1434,0.9897,0.0,0.7981,0.0,0.0,1.0]},{"frame":69.0,"values":[1.0,0.0,-0.0024,0.0,0.0003,0.9907,0.1364,0.0,0.0024,-0.1364,0.9907,0.0,0.7981,0.0,0.0,1.0]},{"frame":70.0,"values":[1.0,0.0,-0.0024,0.0,0.0003,0.9917,0.1289,0.0,0.0024,-0.1289,0.9917,0.0,0.7981,0.0,0.0,1.0]},{"frame":71.0,"values":[1.0,0.0,-0.0024,0.0,0.0003,0.9926,0.121,0.0,0.0024,-0.121,0.9926,0.0,0.7981,0.0,0.0,1.0]},{"frame":72.0,"values":[1.0,0.0,-0.0024,0.0,0.0003,0.9936,0.1128,0.0,0.0024,-0.1128,0.9936,0.0,0.7981,0.0,0.0,1.0]},{"frame":73.0,"values":[1.0,0.0,-0.0024,0.0,0.0002,0.9945,0.1044,0.0,0.0024,-0.1044,0.9945,0.0,0.7981,0.0,0.0,1.0]},{"frame":74.0,"values":[1.0,0.0,-0.0024,0.0,0.0002,0.9954,0.0958,0.0,0.0024,-0.0958,0.9954,0.0,0.7981,0.0,0.0,1.0]},{"frame":75.0,"values":[1.0,0.0,-0.0024,0.0,0.0002,0.9962,0.0871,0.0,0.0024,-0.0871,0.9962,0.0,0.7981,0.0,0.0,1.0]},{"frame":76.0,"values":[1.0,0.0,-0.0024,0.0,0.0002,0.9969,0.0784,0.0,0.0024,-0.0784,0.9969,0.0,0.7981,0.0,0.0,1.0]},{"frame":77.0,"values":[1.0,0.0,-0.0024,0.0,0.0002,0.9976,0.0698,0.0,0.0024,-0.0698,0.9976,0.0,0.7981,0.0,0.0,1.0]},{"frame":78.0,"values":[1.0,0.0,-0.0024,0.0,0.0001,0.9981,0.0614,0.0,0.0024,-0.0614,0.9981,0.0,0.7981,0.0,0.0,1.0]},{"frame":79.0,"values":[1.0,0.0,-0.0024,0.0,0.0001,0.9986,0.0531,0.0,0.0024,-0.0531,0.9986,0.0,0.7981,0.0,0.0,1.0]},{"frame":80.0,"values":[1.0,0.0,-0.0024,0.0,0.0001,0.999,0.0452,0.0,0.0024,-0.0452,0.999,0.0,0.7981,0.0,0.0,1.0]},{"frame":81.0,"values":[1.0,0.0,-0.0024,0.0,0.0001,0.9993,0.0377,0.0,0.0024,-0.0377,0.9993,0.0,0.7981,0.0,0.0,1.0]},{"frame":82.0,"values":[1.0,0.0,-0.0024,0.0,0.0001,0.9995,0.0306,0.0,0.0024,-0.0306,0.9995,0.0,0.7981,0.0,0.0,1.0]},{"frame":83.0,"values":[1.0,0.0,-0.0024,0.0,0.0001,0.9997,0.024,0.0,0.0024,-0.024,0.9997,0.0,0.7981,0.0,0.0,1.0]},{"frame":84.0,"values":[1.0,0.0,-0.0024,0.0,0.0,0.9998,0.0181,0.0,0.0024,-0.0181,0.9998,0.0,0.7981,0.0,0.0,1.0]},{"frame":85.0,"values":[1.0,0.0,-0.0024,0.0,0.0,0.9999,0.0129,0.0,0.0024,-0.0129,0.9999,0.0,0.7981,0.0,0.0,1.0]},{"frame":86.0,"values":[1.0,0.0,-0.0024,0.0,0.0,1.0,0.0085,0.0,0.0024,-0.0085,1.0,0.0,0.7981,0.0,0.0,1.0]},{"frame":87.0,"values":[1.0,0.0,-0.0024,0.0,0.0,1.0,0.0049,0.0,0.0024,-0.0049,1.0,0.0,0.7981,0.0,0.0,1.0]},{"frame":88.0,"values":[1.0,0.0,-0.0024,0.0,0.0,1.0,0.0022,0.0,0.0024,-0.0022,1.0,0.0,0.7981,0.0,0.0,1.0]},{"frame":89.0,"values":[1.0,0.0,-0.0024,0.0,0.0,1.0,0.0005,0.0,0.0024,-0.0005,1.0,0.0,0.7981,0.0,0.0,1.0]},{"frame":100.0,"values":[1.0,0.0,-0.0024,0.0,0.0,1.0,0.0,0.0,0.0024,0.0,1.0,0.0,0.7981,0.0,0.0,1.0]}]},"linkedTransformNodeId":null},{"id":"d9ab01ad-2203-49ec-a921-57127ea0fedd-bone","name":"Bone003","index":2,"parentBoneIndex":1,"matrix":[-0.0115,0.0,-0.9999,0.0,0.0,1.0,0.0,0.0,0.9999,0.0,-0.0115,0.0,0.0095,0.0,-0.146,1.0],"animation":{"name":"Bone003Animation","property":"_matrix","dataType":3,"enableBlending":false,"blendingSpeed":0.01,"loopBehavior":1,"framePerSecond":30,"keys":[{"frame":0.0,"values":[-0.0115,0.0,-0.9999,0.0,0.0,1.0,0.0,0.0,0.9999,0.0,-0.0115,0.0,0.0095,0.0,-0.146,1.0]},{"frame":1.0,"values":[-0.0647,0.0369,-0.9972,0.0,-0.0503,0.9979,0.0402,0.0,0.9966,0.0528,-0.0627,0.0,0.0095,0.0,-0.146,1.0]},{"frame":2.0,"values":[-0.206,0.1368,-0.9689,0.0,-0.1629,0.9716,0.1718,0.0,0.9649,0.1933,-0.1779,0.0,0.0095,0.0,-0.146,1.0]},{"frame":3.0,"values":[-0.3937,0.2812,-0.8751,0.0,-0.2557,0.8809,0.3982,0.0,0.8829,0.3806,-0.2749,0.0,0.0095,0.0,-0.146,1.0]},{"frame":4.0,"values":[-0.5634,0.4481,-0.6942,0.0,-0.2566,0.7038,0.6625,0.0,0.7854,0.5513,-0.2815,0.0,0.0095,0.0,-0.146,1.0]},{"frame":5.0,"values":[-0.6488,0.6131,-0.4508,0.0,-0.1668,0.4634,0.8703,0.0,0.7425,0.6398,-0.1984,0.0,0.0095,0.0,-0.146,1.0]},{"frame":6.0,"values":[-0.6216,0.7548,-0.2097,0.0,-0.0571,0.2233,0.9731,0.0,0.7813,0.6168,-0.0957,0.0,0.0095,0.0,-0.146,1.0]},{"frame":7.0,"values":[-0.5096,0.8598,-0.0339,0.0,0.0115,0.0462,0.9989,0.0,0.8603,0.5086,-0.0335,0.0,0.0095,0.0,-0.146,1.0]},{"frame":8.0,"values":[-0.3744,0.9256,0.0554,0.0,0.0349,-0.0456,0.9984,0.0,0.9266,0.3758,-0.0152,0.0,0.0095,0.0,-0.146,1.0]},{"frame":9.0,"values":[-0.2719,0.9588,0.0816,0.0,0.0375,-0.0742,0.9965,0.0,0.9616,0.2741,-0.0158,0.0,0.0095,0.0,-0.146,1.0]},{"frame":10.0,"values":[-0.2337,0.9687,0.0839,0.0,0.0369,-0.0774,0.9963,0.0,0.9716,0.2359,-0.0176,0.0,0.0095,0.0,-0.146,1.0]},{"frame":100.0,"values":[-0.2337,0.9687,0.0839,0.0,0.0369,-0.0774,0.9963,0.0,0.9716,0.2359,-0.0176,0.0,0.0095,0.0,-0.146,1.0]}]},"linkedTransformNodeId":null},{"id":"f7e7d1fe-46fb-4cb0-b8a8-eb14c9ba319b-bone","name":"Bone004","index":3,"parentBoneIndex":2,"matrix":[1.0,0.0,0.0058,0.0,0.0,1.0,0.0,0.0,-0.0058,0.0,1.0,0.0,0.3299,0.0,0.0,1.0],"animation":{"name":"Bone004Animation","property":"_matrix","dataType":3,"enableBlending":false,"blendingSpeed":0.01,"loopBehavior":1,"framePerSecond":30,"keys":[{"frame":0.0,"values":[1.0,0.0,0.0058,0.0,0.0,1.0,0.0,0.0,-0.0058,0.0,1.0,0.0,0.3299,0.0,0.0,1.0]},{"frame":1.0,"values":[0.9998,0.0201,0.0058,0.0,-0.0201,0.9998,-0.0001,0.0,-0.0058,0.0,1.0,0.0,0.3299,0.0,0.0,1.0]},{"frame":2.0,"values":[0.9972,0.0746,0.0058,0.0,-0.0746,0.9972,-0.0004,0.0,-0.0058,0.0,1.0,0.0,0.3299,0.0,0.0,1.0]},{"frame":3.0,"values":[0.988,0.1545,0.0057,0.0,-0.1545,0.988,-0.0009,0.0,-0.0058,0.0,1.0,0.0,0.3299,0.0,0.0,1.0]},{"frame":4.0,"values":[0.9682,0.2501,0.0056,0.0,-0.2501,0.9682,-0.0014,0.0,-0.0058,0.0,1.0,0.0,0.3299,0.0,0.0,1.0]},{"frame":5.0,"values":[0.9362,0.3513,0.0054,0.0,-0.3513,0.9362,-0.002,0.0,-0.0058,0.0,1.0,0.0,0.3299,0.0,0.0,1.0]},{"frame":6.0,"values":[0.8937,0.4487,0.0052,0.0,-0.4487,0.8937,-0.0026,0.0,-0.0058,0.0,1.0,0.0,0.3299,0.0,0.0,1.0]},{"frame":7.0,"values":[0.8457,0.5337,0.0049,0.0,-0.5337,0.8457,-0.0031,0.0,-0.0058,0.0,1.0,0.0,0.3299,0.0,0.0,1.0]},{"frame":8.0,"values":[0.8001,0.5999,0.0046,0.0,-0.5999,0.8001,-0.0035,0.0,-0.0058,0.0,1.0,0.0,0.3299,0.0,0.0,1.0]},{"frame":9.0,"values":[0.7662,0.6426,0.0044,0.0,-0.6426,0.7662,-0.0037,0.0,-0.0058,0.0,1.0,0.0,0.3299,0.0,0.0,1.0]},{"frame":10.0,"values":[0.7531,0.6579,0.0044,0.0,-0.6579,0.7531,-0.0038,0.0,-0.0058,0.0,1.0,0.0,0.3299,0.0,0.0,1.0]},{"frame":100.0,"values":[0.7531,0.6579,0.0044,0.0,-0.6579,0.7531,-0.0038,0.0,-0.0058,0.0,1.0,0.0,0.3299,0.0,0.0,1.0]}]},"linkedTransformNodeId":null},{"id":"c136d918-ac2b-4d03-a941-e9d59aa3967d-bone","name":"Bone005","index":4,"parentBoneIndex":1,"matrix":[-0.0056,0.0,1.0,0.0,0.0,1.0,0.0,0.0,-1.0,0.0,-0.0056,0.0,0.0057,0.0,0.1308,1.0],"animation":{"name":"Bone005Animation","property":"_matrix","dataType":3,"enableBlending":false,"blendingSpeed":0.01,"loopBehavior":1,"framePerSecond":30,"keys":[{"frame":0.0,"values":[-0.0056,0.0,1.0,0.0,0.0,1.0,0.0,0.0,-1.0,0.0,-0.0056,0.0,0.0057,0.0,0.1308,1.0]},{"frame":1.0,"values":[-0.0341,0.013,0.9993,0.0,0.0004,0.9999,-0.013,0.0,-0.9994,0.0,-0.0341,0.0,0.0057,0.0,0.1308,1.0]},{"frame":2.0,"values":[-0.1112,0.0482,0.9926,0.0,0.0054,0.9988,-0.0479,0.0,-0.9938,0.0,-0.1113,0.0,0.0057,0.0,0.1308,1.0]},{"frame":3.0,"values":[-0.2226,0.0999,0.9698,0.0,0.0223,0.995,-0.0974,0.0,-0.9747,0.0,-0.2237,0.0,0.0057,0.0,0.1308,1.0]},{"frame":4.0,"values":[-0.3514,0.1624,0.922,0.0,0.0578,0.9867,-0.1517,0.0,-0.9344,0.0,-0.3561,0.0,0.0057,0.0,0.1308,1.0]},{"frame":5.0,"values":[-0.4793,0.2296,0.8471,0.0,0.1131,0.9733,-0.1998,0.0,-0.8704,0.0,-0.4924,0.0,0.0057,0.0,0.1308,1.0]},{"frame":6.0,"values":[-0.5899,0.2957,0.7513,0.0,0.1826,0.9553,-0.2326,0.0,-0.7865,0.0,-0.6176,0.0,0.0057,0.0,0.1308,1.0]},{"frame":7.0,"values":[-0.6733,0.3553,0.6485,0.0,0.2559,0.9348,-0.2465,0.0,-0.6937,0.0,-0.7203,0.0,0.0057,0.0,0.1308,1.0]},{"frame":8.0,"values":[-0.7271,0.4033,0.5556,0.0,0.3204,0.9151,-0.2449,0.0,-0.6072,0.0,-0.7945,0.0,0.0057,0.0,0.1308,1.0]},{"frame":9.0,"values":[-0.7555,0.4353,0.4897,0.0,0.3652,0.9003,-0.2368,0.0,-0.544,0.0,-0.8391,0.0,0.0057,0.0,0.1308,1.0]},{"frame":10.0,"values":[-0.7642,0.4469,0.465,0.0,0.3818,0.8946,-0.2323,0.0,-0.5198,0.0,-0.8543,0.0,0.0057,0.0,0.1308,1.0]},{"frame":100.0,"values":[-0.7642,0.4469,0.465,0.0,0.3818,0.8946,-0.2323,0.0,-0.5198,0.0,-0.8543,0.0,0.0057,0.0,0.1308,1.0]}]},"linkedTransformNodeId":null},{"id":"64e311d0-c624-4a00-81be-060768babddf-bone","name":"Bone006","index":5,"parentBoneIndex":4,"matrix":[1.0,0.0,0.0001,0.0,0.0,1.0,0.0,0.0,-0.0001,0.0,1.0,0.0,0.3393,0.0,0.0,1.0],"animation":{"name":"Bone006Animation","property":"_matrix","dataType":3,"enableBlending":false,"blendingSpeed":0.01,"loopBehavior":1,"framePerSecond":30,"keys":[{"frame":0.0,"values":[1.0,0.0,0.0001,0.0,0.0,1.0,0.0,0.0,-0.0001,0.0,1.0,0.0,0.3393,0.0,0.0,1.0]},{"frame":1.0,"values":[0.9982,0.0595,0.0001,0.0,-0.0595,0.9982,0.0,0.0,-0.0001,0.0,1.0,0.0,0.3393,0.0,0.0,1.0]},{"frame":2.0,"values":[0.9757,0.2192,0.0001,0.0,-0.2192,0.9757,0.0,0.0,-0.0001,0.0,1.0,0.0,0.3393,0.0,0.0,1.0]},{"frame":3.0,"values":[0.8965,0.443,0.0001,0.0,-0.443,0.8965,0.0,0.0,-0.0001,0.0,1.0,0.0,0.3393,0.0,0.0,1.0]},{"frame":4.0,"values":[0.7331,0.6801,0.0,0.0,-0.6801,0.7331,0.0,0.0,-0.0001,0.0,1.0,0.0,0.3393,0.0,0.0,1.0]},{"frame":5.0,"values":[0.4869,0.8735,0.0,0.0,-0.8735,0.4869,-0.0001,0.0,-0.0001,0.0,1.0,0.0,0.3393,0.0,0.0,1.0]},{"frame":6.0,"values":[0.1928,0.9812,0.0,0.0,-0.9812,0.1928,-0.0001,0.0,-0.0001,0.0,1.0,0.0,0.3393,0.0,0.0,1.0]},{"frame":7.0,"values":[-0.0947,0.9955,0.0,0.0,-0.9955,-0.0947,-0.0001,0.0,-0.0001,0.0,1.0,0.0,0.3393,0.0,0.0,1.0]},{"frame":8.0,"values":[-0.3267,0.9451,0.0,0.0,-0.9451,-0.3267,-0.0001,0.0,-0.0001,0.0,1.0,0.0,0.3393,0.0,0.0,1.0]},{"frame":9.0,"values":[-0.4744,0.8803,0.0,0.0,-0.8803,-0.4744,-0.0001,0.0,-0.0001,0.0,1.0,0.0,0.3393,0.0,0.0,1.0]},{"frame":10.0,"values":[-0.5259,0.8505,0.0,0.0,-0.8505,-0.5259,-0.0001,0.0,-0.0001,0.0,1.0,0.0,0.3393,0.0,0.0,1.0]},{"frame":100.0,"values":[-0.5259,0.8505,0.0,0.0,-0.8505,-0.5259,-0.0001,0.0,-0.0001,0.0,1.0,0.0,0.3393,0.0,0.0,1.0]}]},"linkedTransformNodeId":null}],"needInitialSkinMatrix":true}],"actions":null,"metadata":null,"workerCollisions":false}